95
67 0.886
84 0.960
31 0.837
26 0.638
91 0.907
37 0.684
26 0.509
5 0.678
85 0.725
91 0.844
92 0.806
200 0.999
53 0.728
100 0.685
2 1.000
3127 0.873
3984 0.930
62 0.646
2 0.500
9 0.87
94 0.726
62 0.790
8000 1.000
13 0.720
9 0.593
82 0.985
3 0.5
4 1.0
65 0.974
27 0.517
68 0.586
65 0.686
9 0.592
2 1.0
38 0.515
27 0.504
4 0.949
24 0.975
3 1.0
64 0.828
94 0.561
100 0.586
7 0.505
10 0.572
38 0.964
2 0.6
33 0.720
88 0.863
11 0.501
2000 0.5
64 0.833
35 0.934
17 0.511
20 0.591
67 0.754
84 0.983
9 0.938
8000 0.500
2788 0.719
40 0.553
8000 0.684
47 0.580
2 0.684
24 0.887
57 0.884
4664 0.797
66 0.532
77 0.676
98 0.790
28 0.786
44 0.828
44 0.543
16 0.975
23 0.974
101 0.926
98 0.752
16 0.599
98 0.779
43 0.824
63 0.577
20 0.75
81 0.743
5 0.615
82 0.520
75 0.551
59 0.759
56 0.818
87 0.670
4242 0.705
42 0.533
37 0.853
36 0.762
29 0.711
46 0.816
21 0.637
