1000 1
8
140
144
86
66
155
77
78
102
26
103
135
3
92
177
124
108
144
62
173
91
171
11
19
153
34
139
14
108
146
34
164
83
107
78
133
174
77
19
45
137
161
151
178
98
75
102
55
145
111
54
96
168
153
188
159
131
25
193
143
26
23
40
78
100
124
121
104
7
73
91
177
197
163
165
123
80
192
198
178
26
163
165
116
46
134
155
165
59
24
57
161
98
5
60
27
86
30
200
134
116
152
91
194
147
169
193
90
13
104
129
91
6
61
117
95
61
25
159
43
145
30
83
198
61
10
128
83
191
65
163
144
158
97
189
120
138
10
163
86
168
189
191
68
166
51
149
50
124
186
153
34
188
108
175
36
123
72
2
118
192
93
1
46
164
108
184
115
115
14
83
104
58
166
112
147
9
120
109
117
52
17
183
50
76
113
117
180
99
135
12
171
88
11
28
200
39
194
171
10
45
37
49
57
3
3
20
104
64
169
101
16
172
71
98
75
90
101
77
86
46
85
85
155
168
138
99
190
31
106
152
70
153
128
101
110
161
77
107
189
83
72
173
123
117
171
178
125
166
16
71
162
195
156
13
86
79
27
190
15
91
12
54
167
22
198
64
18
71
43
166
49
41
92
125
165
126
54
168
55
31
3
131
104
83
195
51
148
126
21
125
165
147
121
5
5
126
120
144
84
3
70
19
3
171
22
37
159
16
70
114
90
6
29
106
127
157
155
161
29
4
192
176
46
169
87
133
96
158
28
198
67
174
132
92
76
96
180
141
105
138
181
58
190
131
62
58
200
34
171
94
120
66
44
64
155
162
145
30
183
176
20
195
80
175
23
103
60
33
17
149
123
158
91
110
187
4
95
133
179
9
123
42
47
88
138
59
171
177
4
24
84
124
152
189
187
134
111
110
83
117
10
22
157
177
14
112
49
20
15
57
72
115
99
190
8
37
65
114
96
4
154
171
117
169
6
182
108
157
106
63
176
13
129
70
30
37
16
102
143
89
70
176
39
160
4
24
4
170
177
30
16
171
194
127
2
40
200
61
178
122
34
84
76
73
141
86
191
58
168
90
79
116
173
81
63
191
117
161
171
102
123
125
4
119
4
148
133
185
141
121
23
45
30
188
88
40
6
79
8
95
87
179
31
164
163
147
9
33
95
121
148
106
142
65
188
24
9
91
5
11
198
84
121
87
143
127
185
114
117
71
65
117
4
73
48
154
72
32
133
45
8
121
113
109
106
64
48
173
8
138
113
182
170
77
1
16
196
149
114
88
153
104
138
60
191
140
9
125
165
7
43
68
138
39
144
168
80
188
184
191
50
179
194
123
81
116
14
71
61
70
154
10
130
65
51
139
169
52
172
14
160
160
163
77
77
125
90
59
55
147
179
45
189
196
152
178
20
97
98
132
50
2
56
87
152
57
83
106
32
41
87
12
148
131
109
57
127
57
38
181
87
39
42
144
131
175
27
50
169
164
107
57
60
57
141
48
124
170
35
90
158
139
52
200
38
136
80
168
74
117
110
63
25
7
197
167
123
130
130
132
139
77
155
171
26
83
65
181
174
3
91
27
99
114
56
18
40
79
61
41
141
80
65
152
12
11
124
3
190
143
7
143
199
180
200
149
133
120
124
29
92
108
123
124
86
30
102
161
121
176
28
84
169
89
62
121
120
27
87
84
35
29
8
92
119
33
195
197
139
48
46
128
168
117
90
198
63
184
157
150
145
196
37
11
141
154
102
1
149
79
5
177
74
100
86
11
58
140
107
67
151
140
198
39
145
182
138
40
182
102
92
96
73
185
135
75
17
18
185
81
196
7
16
194
68
68
65
187
40
62
26
152
86
2
150
42
136
31
129
147
44
81
149
168
24
40
188
39
70
185
182
136
116
67
78
153
120
76
136
36
82
133
126
116
138
44
172
80
75
112
16
191
192
82
38
189
15
178
146
173
51
95
135
39
94
163
136
11
46
103
165
63
31
179
72
198
82
200
177
82
196
121
71
83
114
63
39
112
84
157
50
85
88
52
154
182
8
16
85
3
142
122
46
60
127
198
176
47
134
112
140
71
59
171
181
144
179
82
170
9
41
91
156
160
157
128
152
148
101
128
47
167
113
174
52
82
171
80
174
182
158
114
79
192
151
52
28
165
130
130
86
143
150
138
143
190
75
59
113
10
74
84
188
15
142
67
119
170
194
23
185
164
163
176
112
181
56
77
138
83
23
30
42
2
137
76
77
70
105
14
125
135
57
85
133
4
93
73
