100 60
9876 2334 9026 5854 8191 1081 7381 9958 1814 9502 5313 5732 1542 6798 1710 7871 4079 6892 793 8931 8021 8173 177 2847 2516 1835 3971 142 612 5712 3065 757 1053 4273 1534 7005 8397 4472 1957 3200 5655 7671 5611 7690 4879 8826 9897 6584 2372 9340 671 4052 7452 3245 6718 3188 3942 610 9604
6335 3292 6957 1853 577 504 3647 7112 3889 9336 2923 1256 3185 5461 445 9516 8694 4672 6219 546 3754 4382 3371 6967 7038 9782 2901 1809 339 7992 8954 817 5066 8817 7653 1107 3178 2028 6176 8488 4819 5963 4235 5606 2657 8422 5065 9662 9667 5283 4091 4367 1596 1654 1473 7017 7914 5899 1597
276 8645 1522 6187 6770 2586 1098 8719 1794 8761 450 45 6534 3227 6172 6750 5400 3096 3826 1233 6200 4952 2941 9169 5977 1064 2292 1990 9069 6288 2402 8798 846 3954 5180 4093 303 261 1457 4387 3874 1796 9922 3133 2411 3201 4195 9358 9396 1949 915 5584 194 5708 6825 3189 1753 9076 8191
1267 6124 9655 9460 5584 9543 6386 7868 1385 3472 4581 8619 9433 8443 4419 4547 1945 957 5644 9977 9795 883 6474 8254 6139 4693 3752 2445 6736 1973 6826 6736 7039 4860 633 2952 8041 5223 6493 9517 6470 317 7152 5954 1946 6661 4112 7757 2679 693 9349 7030 8035 9822 1589 2669 3388 1959 484
8257 8169 4214 4240 6335 9506 3942 4188 3399 1107 5110 1866 3845 6381 1326 1935 1470 6093 8056 3250 5705 6769 7660 997 113 2904 5163 6487 9240 1978 705 5192 4590 6392 4421 9983 1954 261 5715 3177 5961 1957 956 6067 61 613 3436 6313 7815 1051 9452 4016 1103 4271 6040 4081 4787 3770 2532
7399 4071 6253 1627 2284 1948 9158 3065 1454 1284 7823 41 40 7669 2151 1185 4158 6700 1126 8333 8952 579 2075 3273 4563 454 4935 307 2756 5091 3311 6544 8223 2593 4718 9102 8519 9938 9226 7289 7559 1339 5944 2162 7872 5731 5490 3213 2708 5018 8504 8618 1938 4461 4965 311 1779 215 2675
3076 9061 1402 4753 1254 9893 190 8340 6720 5778 1113 5436 3231 5936 1856 7001 7605 2123 4764 4621 1128 1484 2833 3028 6108 2481 1563 1601 5886 1287 1706 6634 8946 1851 7039 4632 2480 9314 6039 6711 58 1062 2664 9941 930 2962 1898 3065 5578 591 1256 9969 779 64 3446 4673 137 138 1398
4408 3687 5753 8966 7349 4503 5103 9963 26 1637 430 8644 7424 1141 9256 3656 2668 3258 6517 6018 8672 1736 6197 1870 5268 1916 5686 3956 7575 5419 6824 8117 817 5768 8271 4291 9515 10 6217 7238 1329 8509 4849 3692 6694 1208 4835 560 6857 7615 3217 2559 4215 3721 2517 7911 7568 6053 5400
8017 5567 4184 2338 3280 2644 5946 6210 9306 292 4947 9409 1639 9476 176 3987 8968 433 5178 158 2793 4596 5305 1181 2586 8084 5620 7175 9786 7229 1372 2220 9237 9407 2346 8831 3089 6714 1942 5674 1123 6537 778 6783 5047 4252 2086 7995 511 1482 2725 7168 3339 214 7696 7267 2026 2834 737
3986 6384 2385 587 5130 7785 4018 568 6344 8382 394 8771 4271 7877 3728 9879 26 9517 7679 9751 7458 9850 2376 9968 1234 893 9654 3452 4297 9528 2406 8824 6351 161 7254 2008 156 389 4013 426 38 175 9900 7048 8345 8729 2580 2146 4251 8978 631 4283 5536 5072 9811 9475 7308 6024 1101
5141 9368 1996 8746 1617 7255 9284 6596 4013 3752 960 938 5480 4654 8589 3689 2991 207 6630 2426 1155 1386 7533 4524 6858 5821 2522 180 3030 5462 6707 4353 9859 8312 2893 9653 68 3104 3794 1249 8881 4952 1043 3264 8506 2827 9455 4600 2879 6442 2789 604 9698 4015 3927 4085 9789 6177 5104
1265 4401 8119 5559 4220 3070 5696 6708 8159 3274 9890 5602 4295 652 7682 9365 9160 8728 2307 4943 481 5824 5138 2206 3073 7016 7074 8775 1818 7146 435 8441 8853 1036 5593 2603 1590 3071 7594 3416 1457 3385 8727 2333 3197 1733 8447 1215 8185 4586 3200 162 9724 9305 4815 2600 5489 4331 5082
2870 9075 6907 6701 1950 7349 2367 546 2504 7894 988 6044 9554 3666 3466 5845 7946 7660 134 4182 137 2363 3736 6264 9330 6802 8100 6569 6555 3205 9316 5985 4412 4985 4342 9045 1606 8091 1506 6299 4566 644 783 7359 9913 5835 262 5365 6578 9003 1158 6097 9002 7878 3050 9076 9607 6730 2584
9159 3840 2964 6092 7309 3472 9219 3093 276 3338 2110 6317 2988 8268 2360 9246 1051 7542 8706 803 992 7004 786 1245 6902 634 611 3080 7099 25 605 1501 5618 6319 6742 761 1703 299 7529 4094 241 5169 134 8344 1404 4962 4410 8771 6439 4817 7185 267 1547 8177 2649 6900 2510 7187 601
6363 3687 7022 1762 892 3251 5807 7908 5877 9702 1476 8980 9419 1990 612 7052 8348 1925 3410 5939 1813 3277 6833 5871 8580 6513 921 3081 1921 337 3530 7584 7417 1774 1681 7921 2395 5327 3449 6757 5975 8660 4836 411 2898 7305 1434 4679 9071 45 2545 2171 1963 5587 2478 3525 6584 2184 699
2809 4013 7607 3866 993 1675 2186 9720 1810 483 1089 1413 3281 9270 2119 1779 1974 7805 2243 5964 1759 6939 1917 4874 6104 7343 6130 1665 8602 5406 8282 384 1410 8176 3671 648 8883 9322 864 9803 6702 5228 1280 4586 4401 428 7673 3880 7133 3635 8828 786 6733 7590 6045 4147 6820 1672 6402
8098 6486 1550 8573 3023 3466 2243 3227 1823 1774 4220 3339 6932 4716 6767 3683 9952 3964 4400 3567 7355 2665 9324 588 6275 2200 8650 7749 452 3942 7038 6635 969 9490 1808 7482 3537 5179 2412 4169 1893 2651 2219 5794 1816 5748 8066 9283 4448 9978 8746 404 8597 3121 5568 2555 5528 456 1421
8540 4054 7639 2825 1332 492 6853 1116 7320 8717 7757 4949 362 6386 3121 5614 6764 8738 3007 3231 5032 7106 2915 1314 6671 5870 1902 1431 5728 968 726 1961 9515 7088 4158 6785 967 6214 4743 9162 9985 1068 8486 8948 2710 1855 4488 8685 2674 455 244 892 4922 6909 176 6400 439 2077 183
6041 9844 6044 6393 7237 1355 1868 7523 3966 4746 7629 6256 2082 2491 9430 5200 6339 5316 340 4985 6623 3997 1602 4523 5283 8912 9402 7784 9212 438 3067 9684 9662 1679 9692 537 8969 929 2575 7838 552 3382 3561 1417 5228 9743 5586 6274 4649 6558 440 5307 9374 162 5913 8989 9003 8468 3920
9764 2478 2210 1023 973 9855 8441 1871 5935 2557 6392 804 5752 23 1859 8324 2713 3168 8997 5960 6165 7005 3546 4548 4774 3329 7420 2836 1793 1947 3788 5288 1530 2606 4723 1074 6859 4242 4378 1869 6753 2617 4855 8320 2456 1460 5592 19 8489 4150 9861 6082 9872 3833 2129 5007 7938 6864 7137
3692 7167 2381 3809 2122 5429 5221 3763 220 1765 1584 2473 8927 9626 8517 4709 8766 5222 9541 4271 7777 7855 3942 9831 9957 171 3924 9659 6258 744 9267 5803 4441 2655 5864 8971 1293 6266 5161 5769 8404 7891 3474 6143 8845 5343 7769 7771 420 9099 9012 9086 1747 5781 6457 1522 2396 1455 6134
6688 5461 6063 4578 2256 5682 3578 9092 5681 6233 243 6483 2300 1906 750 6030 4148 1214 1626 5405 8209 8970 2446 7447 9966 340 2467 357 2671 9453 355 7687 3575 6335 9232 3286 8761 960 4103 6057 7389 3096 487 9692 1733 7183 6397 2046 144 1115 5890 137 5311 281 9703 792 2807 2986 9503
756 598 3520 5119 5871 3881 3624 9745 5093 1629 2922 6175 9119 741 7359 2590 4506 3100 867 6968 3304 7595 7419 9711 7126 7949 6553 3087 5053 7777 5677 947 1980 3279 1630 6235 8038 2671 7561 4028 6152 7830 1625 2281 5166 3890 9993 3537 9863 3321 8694 9608 8262 5933 7255 4362 6282 8418 5697
893 6304 3779 9894 9479 4807 1042 6527 3040 2676 3742 2170 5433 1832 6682 7301 989 7759 3724 2987 5543 8377 6131 3806 308 9903 3325 4311 8042 1198 8599 7498 6425 1752 8454 8141 5777 1996 9334 7290 5413 2802 9633 5266 4239 3947 2627 9285 1411 2216 1403 4896 6680 186 5924 9526 5604 9578 6676
4994 5879 7451 2725 3611 4604 8668 5410 9481 1915 5522 5956 407 6546 5334 4383 2922 422 1835 7990 7089 5972 4994 1286 6990 252 6337 9442 1044 5345 1473 9930 5040 7162 1527 8449 1405 5357 4390 8063 2931 6892 8275 6597 5312 176 1721 3535 2234 886 206 4686 4867 4871 9846 9239 9869 9260 9862
8550 3728 4386 7067 4695 2907 874 204 4710 4583 4692 1853 261 2370 6637 7894 2062 7771 582 9012 1370 1321 3927 1294 2514 6944 7156 8890 5396 4086 2559 241 7464 2051 1967 1744 2386 9144 5695 8401 9403 9794 6393 2361 7356 1631 9541 8467 9978 6496 892 2621 5368 2095 3074 3777 6393 3987 9652
4312 3094 5057 7006 6170 1055 661 6800 2648 3157 1490 4466 5789 7239 2790 3093 1746 6203 1105 2620 3298 4160 2072 9243 2494 49 9189 3247 2785 828 2369 2494 6662 2708 8149 848 5561 1013 8845 1982 3595 358 9775 9722 2954 5283 2266 5199 4208 5163 9441 5354 7675 8007 5258 7082 2477 1437 6563
9060 5429 3748 341 6362 3790 5048 2523 2029 5542 9680 6068 80 161 1614 6551 2623 767 1255 6023 6432 9548 5796 6311 4152 5030 7272 8687 1937 948 5987 6432 2059 9733 9894 789 785 9143 7960 3898 5421 6921 4521 3665 5279 9059 3285 3699 5097 5476 7995 4804 1055 7628 9470 2410 2349 9083 2827
2399 1881 4650 7196 2037 715 1241 1901 4009 4762 1768 8030 7947 2825 2490 2584 7613 2305 1527 3235 8587 7697 3617 5158 1226 6644 3913 5216 4995 2978 1699 6200 1073 5529 391 7296 4873 3197 1945 4752 7706 4445 779 7808 2438 2968 7025 6036 4064 6432 5478 5295 9606 7902 9870 5826 2544 4087 1163
9108 4041 7694 2260 5734 9566 2041 3346 7255 2997 9064 4749 6854 1456 8227 3655 1350 626 1507 6215 471 1041 6244 585 338 8940 2889 3667 2661 6191 4817 6043 8720 3317 6153 3831 7663 4605 9426 8757 4009 2720 340 2845 7896 7778 7810 5172 6986 4023 3792 7730 5527 6745 8099 4886 6900 4263 6761
888 6216 1471 6345 2511 4829 7614 6635 5925 6105 7559 698 1927 4301 5843 3209 7569 990 5529 8213 5706 3474 703 6569 1228 8733 8479 7207 9255 3325 9804 550 9397 6627 7863 1191 1825 2483 5517 2653 36 7533 9972 7723 9297 2541 3494 3552 2242 4368 9276 529 4001 9384 6991 9046 43 8273 9259
6552 7394 6693 8054 4984 7971 4685 3951 7956 4680 5466 3866 3574 9646 8003 8027 7373 7369 175 5056 4176 2166 8613 2692 3632 6097 3714 242 4589 6729 6379 8439 5196 5841 7284 5291 9416 136 3536 4033 1319 7995 6297 524 9534 3609 6994 2548 2599 2712 7388 938 9281 6326 3894 4089 6937 866 2505
1597 9032 284 8706 8313 9981 9499 2417 3283 1197 5869 8674 8738 968 5364 9001 1611 6525 6607 804 1768 2433 7494 332 7035 1068 5691 3804 7490 5940 8317 4996 4923 6831 7230 3264 3049 1058 567 5381 359 9071 1595 3484 8877 2671 4906 3571 9809 3004 5927 9151 1327 8147 2251 2198 5804 7592 4907
4285 3255 9450 216 7469 6178 7672 2230 411 6992 4660 6847 8200 3103 8711 8488 6470 2663 5509 5877 4268 6051 7123 9145 5804 3200 2630 2048 6611 3492 2141 3376 865 1922 1282 5004 9402 1274 2637 9164 8396 822 2026 1738 4402 9122 5484 5870 5720 2955 6337 2060 1327 9532 5656 1980 7955 612 6545
3083 7004 1836 9396 4176 2498 1432 6868 5650 4548 8221 5269 9432 7819 6466 3244 5936 6250 7049 8918 3348 2745 7247 860 8377 9251 6002 3381 442 5148 355 3868 1622 4471 828 9268 9605 2182 6068 6649 720 2627 7744 3273 2578 1631 6652 8947 1273 282 6539 8238 1441 338 443 2557 7044 5743 9469
3697 8682 9278 2164 1888 3991 2684 2555 293 1174 6343 1355 7144 8848 4863 1597 8512 2898 6210 7054 309 9645 3464 5505 2363 7119 3020 4857 2684 1411 5548 2198 2469 5604 7363 415 5668 424 5749 6290 704 6843 3755 6392 2649 2569 3984 860 5314 1136 4746 3517 9052 5780 2573 1186 8837 2101 6588
4670 4113 2127 6610 245 6951 1025 4305 8589 6352 2912 2041 3400 1195 9324 5546 449 6309 3410 8685 3797 2167 4484 5552 8228 5744 4471 7585 775 436 7323 7501 1477 7493 2672 1145 689 6866 5047 7361 5878 5629 1814 3135 742 1089 2241 734 206 9043 9573 9167 3534 24 2118 7596 6313 3192 4412
7211 792 1329 1865 1798 4275 4015 4894 4569 1634 8859 5919 8907 3345 1266 3092 3184 8963 4935 3970 7918 6984 2315 3785 4366 3154 5692 9662 3894 7540 8588 6060 4437 6012 915 5095 1710 9475 952 706 2105 9442 3740 1105 3670 6695 6039 2769 1236 4200 8679 3799 6353 6743 3670 7142 7490 7831 3979
1957 6421 3550 1364 8240 981 9468 9987 7293 7982 2587 582 4850 2178 4263 2012 5590 4268 9039 1572 2469 6146 9148 5192 5768 416 2850 3962 804 4947 9926 3854 289 8434 8927 4265 8142 7300 7983 3496 723 318 4835 9571 7672 1948 7273 1107 2500 8435 8130 7266 3880 2740 4760 9811 365 1299 3314
9058 1531 4648 6662 1212 700 3846 7358 8882 4720 2586 9406 1626 6866 2470 3780 1287 2346 79 7905 2618 6949 6260 1895 5832 7058 7344 5780 2030 4526 850 6318 3667 1683 8778 5215 6109 4604 4454 5476 1815 3596 7535 9840 3185 880 1614 9926 6248 7650 9507 9382 600 3263 2951 7367 6063 2123 2255
5207 8275 9940 6036 1919 3047 916 2721 9323 8298 9243 8877 6248 5745 4924 8810 1950 2214 9910 4509 8416 4448 6886 831 5953 501 7756 8835 1754 4526 2027 1273 7066 1898 6437 6178 4813 2997 4486 3365 3744 7226 4463 9154 1123 6663 1687 7349 3887 1376 317 3036 3499 262 32 7229 122 234 4882
6594 9671 1101 8091 2470 3636 3177 4138 8485 7103 5397 6017 1870 1494 3733 7634 4140 2348 5569 772 2822 7597 1335 2139 4196 7902 307 8823 5075 5416 1870 9387 2330 375 3444 6161 4350 6526 2090 1308 9747 1069 9904 6430 5364 9382 1124 2571 3348 3420 5079 8061 3638 509 1380 170 2874 7922 4510
6131 2250 1924 4409 4158 3428 2225 3596 5990 2456 63 2773 3729 4644 865 6717 5011 6942 2472 9630 2306 5874 4171 2818 569 9709 2153 494 5648 777 5566 4415 4892 5369 2453 6547 9603 696 2062 300 4627 1069 5136 1824 5331 2978 2512 7652 1114 9509 6851 3643 3551 1470 4608 2489 3680 4146 2009
7357 6263 3032 9179 1039 3642 9786 6372 1141 7042 2830 5829 9452 1950 3205 8121 1701 7561 9667 7749 6766 4153 3633 2399 4483 538 6704 3844 8341 7306 7103 6116 9274 8918 4350 2817 4244 8213 2355 1305 742 2547 2573 1343 6421 3441 7848 9185 5628 5547 9217 7413 4194 7450 6922 21 3167 5643 1567
9470 7933 6959 7466 8771 1548 6964 4564 9639 9976 8341 8669 8667 4831 5870 3326 9364 5422 178 1021 2289 5451 3632 6786 6987 6152 8851 8487 8877 7638 5994 2868 9879 9369 3751 92 8062 3643 8507 1394 2982 3651 5522 3056 5362 7047 5979 6378 2523 3983 539 1950 6880 2716 8146 2654 4893 1097 1806
642 6383 1 7935 839 1942 6833 1627 1341 332 6415 2562 2144 8053 7836 5156 6884 7623 726 3826 2599 3629 7409 1267 4129 6198 5894 6328 3919 1427 1868 5362 9969 9282 4823 1490 9760 4404 9518 7361 9076 5717 3185 129 4773 7469 7339 7172 9185 7170 8900 4043 7981 7361 4314 1938 9791 4509 3154
2938 3868 8758 777 1399 9021 7038 832 8667 7335 7880 5463 562 9899 2610 4200 4192 6827 1253 3048 2632 6030 3978 3226 3247 6406 5808 9397 2192 4368 7099 4054 880 9836 1998 4521 9093 4622 2908 3684 7923 3619 5931 3252 9207 6376 427 3869 1415 968 6838 6396 2665 2228 4584 6127 1732 1336 5697
5127 37 3100 7512 621 3346 7048 898 4803 1524 2331 6708 3196 6928 8254 1221 2014 5798 8116 2375 1831 4910 7749 3528 2126 1232 1323 3780 3115 7315 9661 1165 7290 3545 4426 5853 9036 1673 1384 4315 3871 6300 910 973 4415 2571 4302 3821 1420 3977 5159 7151 814 2542 74 8034 5526 2355 8363
7380 4935 5957 9547 3755 4981 6388 1060 482 2413 1947 5540 6816 5589 9397 8925 9264 3781 957 1644 6748 9990 4678 7353 2778 4314 5853 8734 1708 7965 1196 7132 2227 9258 8369 8122 6884 7841 2302 8912 5246 9095 3937 2867 2074 3294 9623 8145 4468 4663 4637 815 2121 4021 9975 7745 1 7220 5604
1339 8847 5818 2978 149 8951 7916 1710 6564 1376 8820 3391 8167 554 514 2164 3534 3937 1937 8618 1842 2194 124 5378 4705 6701 352 9235 8121 3356 1347 4540 1687 7315 7077 5756 8672 3673 2438 2358 9471 8230 1416 1823 512 605 6103 2058 3902 8124 7014 8086 2024 1841 7388 1398 8552 7423 9135
4657 4535 1170 5439 9083 4859 688 4743 420 5459 9072 8511 368 5493 7551 5205 2598 837 5088 9453 1037 1609 7763 4566 868 2202 6602 6143 2896 5486 8632 6603 9579 1780 7259 7937 4875 4895 9948 7894 689 4775 3317 4287 6083 9468 2386 306 6317 1068 7482 1084 8499 3255 6160 1176 7098 1857 5157
7470 6520 985 1008 3995 9096 615 2001 1440 9538 9883 9650 3389 5883 6851 8367 9311 5225 285 4888 4615 6410 6334 6756 5677 7526 6722 2952 6741 2513 4742 9977 2145 8133 8417 6478 4167 2208 3306 4025 1012 7146 5798 5592 4161 8154 6193 7207 5589 8265 255 7384 4876 6375 6035 1206 375 412 3312
6262 7235 2914 3343 1790 638 49 736 7771 2215 5211 3619 2990 7574 8218 3737 7142 6460 2486 503 6612 6524 4891 4044 6843 2842 842 8307 4615 9250 1439 6683 543 6412 2468 6116 654 2047 3795 1548 558 4852 1 4060 6806 2813 2490 2685 6614 4309 2231 1758 6079 5209 1239 5898 4873 1880 1741
7254 1791 535 5798 2841 7662 1335 8174 5791 9342 6235 2884 6815 688 1029 4074 8635 2713 9809 1681 8439 957 5044 2501 670 4432 7206 9893 722 6025 366 3831 1251 1336 6620 3433 8450 6889 2381 7098 3830 1657 8922 4506 4847 344 8547 4991 4553 5136 5802 3961 7458 4533 2082 2313 6687 8750 6698
5422 8540 8419 7220 239 180 2871 5132 3504 6992 7672 469 1903 7666 5189 5525 7838 1845 1887 8516 3142 8829 6131 7729 1177 1317 806 6614 745 761 1602 333 8840 6192 8657 211 1391 4351 1511 5084 8851 2602 8564 9831 852 6235 8554 1155 8504 6360 621 9826 4520 6145 2169 2221 9929 3943 6184
3145 2478 5347 7651 8920 3148 1174 9672 7650 8846 3884 1694 7958 1530 1767 5525 8012 9507 2745 1393 7853 8577 2066 5417 1909 718 987 4586 71 3265 1617 1714 9489 2257 6103 4282 5730 5026 1637 7347 2858 1460 4869 580 3857 8349 3328 1922 331 1795 6372 1602 1817 4879 521 859 5811 622 3812
7440 8998 682 1275 316 4008 4888 2955 9902 2660 371 4246 9431 3538 921 9361 9122 8117 4260 6781 8532 8188 4476 2259 868 8945 5147 102 636 7590 1490 3812 8576 3650 3658 2205 623 1142 1853 4567 3944 6836 9829 7393 8319 9634 7285 919 2064 7467 1736 3974 770 3527 7142 2592 1904 4829 9102
5377 8612 1078 640 1683 4101 1139 122 3279 2067 3105 854 1109 5168 9548 9426 3518 6577 7170 672 144 2405 3866 9695 6338 5925 4373 4986 5521 8445 3683 8447 4962 3290 4489 6530 4088 3909 2738 7219 4024 5327 2659 9037 8716 9517 9011 8241 5717 1414 2715 6802 8068 6937 5131 7970 5962 4229 3757
494 7935 9716 7725 5797 8128 583 1049 9375 4732 1688 8342 8539 1858 4652 4180 2537 7795 5031 370 3497 3901 7445 6148 1460 7227 7942 7076 3914 55 7785 3560 4523 5457 1500 563 1290 6501 8275 1757 526 520 1079 1383 9659 5475 1 1514 4162 1955 8007 2928 7172 1407 8390 3430 8796 4428 1490
6911 1325 5407 6105 3436 3529 7985 606 9963 437 6823 4325 9230 1401 7090 586 5614 7068 5299 3207 127 1247 1844 229 3989 2153 1156 915 2759 259 2449 213 8772 453 6698 575 9123 1265 4149 2098 6159 4573 959 4101 1091 1783 7122 8664 8322 7541 268 741 6026 9498 1310 41 3946 1616 3953
3553 6721 5666 32 3928 6489 760 962 2752 4133 9849 5782 4831 3542 7644 8661 2076 1044 1520 3730 3098 9883 5997 8277 3716 5764 1914 8472 4041 1190 4113 2961 5019 140 4895 5730 82 8056 928 8653 1607 8056 1467 4524 5917 8969 8345 6496 130 6106 524 9832 4391 3138 2110 1269 3420 3667 2631
187 2624 5505 5716 6459 8663 3918 6196 8527 3309 1160 6084 1509 745 1030 3901 2447 3494 687 7356 1690 5854 8299 7075 1550 2376 3390 6463 1845 5780 8450 3082 4816 7204 3603 6177 5078 9709 2273 5112 1678 7566 3186 572 1920 2881 3735 7769 8663 2255 3872 9037 6585 409 1265 2285 970 9604 7335
9928 4957 4133 5526 297 1149 4685 7429 7232 107 3558 9965 2786 9945 2303 2909 720 2934 6437 161 6518 8251 6851 6164 6965 3110 5130 3652 7331 9988 5188 8597 1521 677 918 7465 6909 554 8533 2014 7065 2418 250 5064 8732 8518 3528 8801 3768 4417 8941 382 6427 2260 1256 6596 3930 1081 1530
187 1755 3702 6496 7729 9474 4196 4288 9074 8382 7601 465 5927 308 8003 4464 6188 9757 2398 5505 6263 1708 4120 866 9477 2146 1546 470 3895 1941 969 225 8910 5166 8711 7455 7746 9539 3060 8730 8473 7477 2824 3228 822 3578 741 8289 5264 5501 2553 7984 7621 5748 2146 1788 1375 5618 4629
7750 6485 9454 4528 4774 101 2773 7582 1946 289 2844 2699 4445 9863 8088 6569 3355 821 2705 9634 1220 7533 6740 8687 2816 7669 8008 6488 8690 7779 4387 9837 7376 6951 4142 9700 7841 1193 9846 9924 5944 4996 805 898 7969 7987 6944 6842 2873 2508 4434 496 7394 6010 6010 2007 1799 7055 8128
7490 5965 6473 1597 1465 1883 2036 123 1246 2268 1857 27 5777 914 134 5750 3329 8781 901 8070 1460 364 1089 5798 9800 5587 2559 2519 2458 6061 7194 9428 616 5412 249 7688 9778 3136 6484 9039 118 5532 7845 1482 4989 6575 3660 9223 8015 8233 1670 3857 1438 2668 4238 9203 1906 1982 4052
7235 8720 2220 2590 1677 9217 704 3516 4236 2080 8486 8128 5136 5780 9756 2686 9053 607 1976 464 7521 5334 7854 7741 9528 2066 7650 3787 7347 758 4635 8978 2262 8209 681 8515 9393 3462 8457 5689 2882 8875 774 2799 8488 6656 7234 8755 2107 7184 6117 5129 5082 3548 1044 6034 3141 4598 4198
1262 3837 5419 4547 5296 9768 5381 2879 8866 8009 6944 8854 2265 5328 2171 4935 7721 1774 5217 2134 3436 76 5241 93 3631 3868 6042 5842 7854 8351 4563 2223 7889 1496 74 7358 5350 4754 2356 8499 4466 4942 5605 559 2050 4415 5479 8626 9815 7962 128 8801 193 6295 2335 488 7179 9517 1320
3233 6744 6110 689 9894 747 5134 4027 7811 3725 7818 3829 8256 1371 2358 4973 4110 6094 280 1049 6063 2928 3699 1333 7914 8571 1398 9229 2143 5604 9655 7470 3305 2328 8506 3208 4706 453 6006 4470 827 6620 2393 4929 9420 1494 7803 1234 1912 2597 5889 2631 4181 604 2083 2200 8635 3121 8848
954 6458 3970 2816 3235 3553 310 4923 9391 4108 710 4584 8179 4270 5244 4744 2288 4751 1978 6340 154 6552 1997 2580 7178 2013 5011 961 1216 9225 4476 7709 5741 3088 8734 5058 6944 1649 1403 3113 6944 4875 454 5020 7049 9571 6883 6733 4042 8034 4127 2249 927 8019 8048 8983 8682 1310 3550
9093 9223 2590 1043 9877 1631 9946 3278 8884 7582 7138 9630 892 7841 2040 13 6218 866 1106 6603 290 9831 6845 8941 721 4023 5412 582 4868 7102 4849 548 7223 9411 1810 2846 81 7096 1504 6221 7710 3715 6972 7864 1676 2795 6123 4948 3530 1764 7892 8315 174 2494 9783 1581 1702 8874 769
4437 65 1136 1965 1726 5312 93 4605 2149 8647 4880 7721 2032 2472 1799 9974 6751 8945 1254 9739 2210 1524 7000 3585 940 9513 1912 937 4134 4351 1730 8002 8839 1704 6518 251 8035 9766 237 566 65 3200 6463 2349 3185 554 644 7913 4717 4548 4169 8225 2912 8449 8950 4784 2245 1498 1165
954 1153 1508 1190 8432 9715 8048 9417 2786 1819 8978 8395 2229 2713 2500 2060 2933 8007 252 4176 1661 1802 7627 1230 7940 3397 7303 5109 1658 5006 2155 7605 8739 8581 7997 3741 787 146 193 7505 4747 2350 7788 8238 4003 7829 8140 3393 2505 2827 2918 1444 5033 285 5695 859 1805 4169 4767
8095 86 3616 3107 88 6988 9290 5090 6528 5666 2683 9299 2725 1262 8597 4717 5791 4936 8158 6238 916 5120 5363 2512 6616 949 1294 1865 2985 5459 9892 9506 106 589 4705 1578 7901 6652 1384 3276 743 6614 1494 2126 2991 1250 6455 5803 503 1483 2523 6820 3822 1395 266 3282 8980 5274 9269
1007 6272 3871 4927 3862 6767 5558 988 9320 142 9707 8824 9489 1002 3510 5755 8266 485 2960 8748 8000 5868 277 7524 7204 2806 201 9109 389 176 2976 6426 7435 8119 265 561 7701 518 4794 4022 9221 9105 1922 801 5418 8736 9179 3491 143 7824 4591 5229 242 6038 4285 5842 3080 4534 5899
5934 975 9731 6430 5526 7220 7432 584 2242 9029 4454 8273 4841 7002 1359 4553 667 896 6034 1085 501 3013 4664 904 2577 7915 287 2188 3468 7431 2708 2177 8940 1401 9527 957 8177 4801 4617 8404 650 608 1257 5074 6092 1213 9439 5415 8703 6041 7337 1331 5898 501 2165 4914 1632 8386 237
4537 4170 8841 4233 978 7719 4476 6562 5444 3761 4684 3283 1719 7858 8877 8725 4454 967 471 7387 581 4884 1887 2203 9429 2104 3525 1918 3430 1235 2702 2633 3757 5029 4261 4749 9735 7096 2222 2956 7260 2208 9740 1310 7846 98 5028 5315 3076 3203 8992 745 7147 3346 5912 8080 6764 2089 8606
5324 1516 3312 6665 6571 7984 1971 7941 6936 5207 8822 3113 5951 108 2293 2905 8082 2364 8832 1165 9067 9477 7079 9361 8259 464 690 3118 9234 432 9365 7865 9752 795 7794 6986 1803 1689 399 9728 6674 9642 3273 7604 7906 637 569 9947 8950 7407 4150 6911 3141 9600 2955 8688 2943 5212 9371
6647 3351 1096 6290 3484 8535 2844 3230 2361 433 9520 94 2302 1346 6314 8826 2598 764 4599 1363 9466 8004 599 8603 2804 5816 6798 1736 5223 2085 8792 2613 4397 4937 2365 7466 481 9284 1334 3406 3470 4148 767 3082 3943 9841 2285 2479 4217 7126 689 619 1198 3602 7821 4440 1363 494 6295
7637 4509 3407 2396 2265 3479 9150 2487 1877 5007 8342 2658 3497 1905 5293 4891 5770 2996 7015 5643 6467 7796 4712 9476 2057 6639 73 1513 2531 8789 2925 6258 2650 457 1667 8239 9870 4685 3502 9885 7977 7741 8020 2535 1144 6778 1332 3231 1270 6171 1996 2733 1643 2351 826 8935 7174 8422 6017
2370 8983 6032 9518 6727 4848 9813 7595 9562 3900 791 627 9319 3072 4965 7671 9406 2609 5346 6545 1761 9847 7477 7112 923 1329 8882 659 1683 6313 2009 3233 7648 4057 493 6264 9616 8382 6616 653 7860 2523 1021 8276 1262 545 8558 2615 8270 2158 9615 1404 3865 4004 9290 1730 1372 8540 373
7293 4975 362 2929 5027 4557 4947 8788 1509 9778 9644 8810 1810 1190 5300 3815 6552 5290 8789 3232 1372 9616 2679 810 3196 336 2326 1283 1188 728 2149 720 7854 6244 7986 5079 1741 9631 3004 1214 7019 3944 3874 6099 3537 3096 1486 6829 3448 8386 9507 6531 5038 3260 9523 9372 4331 9374 3939
7030 2324 4969 4562 8571 8431 4794 6696 9649 1384 7662 4812 49 8612 6248 6857 2091 4276 913 2802 6935 9308 7711 483 1599 2372 1737 9434 3883 2335 1050 1285 4637 5179 5556 1277 9022 6392 104 1780 6201 9004 7235 8348 9559 8294 8234 456 7690 6737 5769 2359 4686 9596 2296 45 8876 1944 1376
1620 5985 5393 77 116 7806 9600 2212 254 850 2528 3526 1839 7125 1152 2421 8515 2150 2121 3319 1544 6632 6833 1513 197 5384 4895 8582 4298 9938 2752 9528 4985 8228 8504 4110 3958 3075 8637 1215 9148 3117 2753 3821 1552 4879 7582 3853 7145 3288 4039 2327 3072 3789 7516 8553 6052 782 910
4881 8193 6425 8068 7338 4290 6846 1790 2678 5189 5347 4072 7101 9775 264 9793 4389 7839 7518 2316 7651 8535 1043 1414 6257 1304 5793 4938 8320 6589 3545 8466 2448 4459 41 2670 1438 5063 8358 6025 9948 3960 6822 4730 5431 879 1484 7033 1573 9237 1465 8115 6494 5604 6545 128 5214 3048 3181
9522 503 5399 9391 737 4411 9134 859 69 2250 1454 7427 4339 7497 968 2531 9867 5557 901 2415 2977 5286 2057 4906 6475 8551 9272 9065 5019 9477 8425 6551 7662 1350 234 9418 6019 1307 4340 1781 6976 3993 4545 703 9442 1541 5756 1412 3011 2318 2440 683 1249 1152 5923 2696 396 8549 6315
7091 512 3967 5330 3800 20 9828 4079 9472 498 5544 7205 8545 2680 9137 7879 6817 4702 5703 108 1392 9194 7115 560 359 2288 6666 6539 1451 1614 6705 1510 6631 614 3779 507 6729 3229 4233 5772 1851 2708 9705 936 6949 1365 5643 6393 8081 5841 1016 192 1535 9415 6835 6181 4730 9959 9500
1850 8923 600 7027 5488 9069 5527 346 1245 1665 2657 5582 2156 834 6307 3783 2052 1163 7023 798 254 6023 6465 3151 4417 6505 6179 2159 992 766 479 6431 1415 5696 9331 4546 4114 6077 6729 811 9839 3303 711 1451 8692 1613 7301 9642 7620 5417 2381 2915 8254 1387 7000 2421 7270 1031 726
7558 8073 7418 5182 4411 5339 2419 8519 8086 179 239 1893 4192 2969 9173 233 439 3310 4132 9586 6553 5245 9545 6137 3025 8881 1365 1292 1009 3784 2671 8568 2993 4662 5622 7756 7799 1501 2570 4844 9192 635 3355 2739 1374 9556 9634 5565 2171 865 7551 9412 8428 8617 6210 8489 8721 320 7902
2774 9580 5070 4586 5649 2216 7697 7226 9779 2828 1093 766 2025 5968 9362 1977 9947 8959 1831 7877 8092 8990 374 4710 914 9356 1967 908 8374 1387 7682 3852 9997 2365 16 10000 7720 2770 3809 1598 2409 5906 4155 3383 9752 309 9937 802 2709 2651 3642 2696 2398 5337 548 433 579 2529 72
4735 9000 5126 240 4056 9403 6542 3590 506 966 4920 1023 6250 4695 5311 2968 702 6447 6832 95 2044 6408 25 8309 178 1803 1139 4259 5992 7248 4082 1019 6082 4006 3370 6960 2571 9782 1156 8537 4990 1380 8257 2593 6214 3573 6734 1427 3065 9271 9481 36 1601 6013 7138 8001 315 1130 117
9611 1875 417 4792 8976 7248 6842 7808 972 2667 2279 5433 912 3478 2615 7862 3169 203 5563 501 5668 8114 2424 7686 1353 4583 1612 3614 5429 7627 9476 1479 565 5018 9166 4538 352 2286 4154 5616 7868 8530 8694 469 5619 520 906 5374 4327 6143 5073 9885 3444 7392 7770 4674 8101 8088 1181
2020 9386 2234 9138 8224 6312 7110 462 8913 3169 6389 4095 529 7398 1862 7643 1999 7035 4574 148 5154 7338 1179 1630 4493 282 6970 6980 1923 5728 122 5048 9564 3670 9857 3914 9913 204 749 858 9845 5997 7581 6321 76 3476 8049 1165 8704 3918 8623 1276 890 402 6136 1580 6878 2254 4058
463 4706 9379 679 5892 5328 932 9046 6340 8825 5290 520 331 4973 5180 1182 9224 1737 5245 1690 8118 1136 2807 1251 6731 1757 5879 2124 7457 1463 1512 391 9059 6550 3893 4502 4283 4101 1593 8418 3226 1033 6009 224 5671 1041 3141 6417 4395 7855 7706 9368 5244 1718 8011 3873 2153 723 5826
2865 1381 7313 753 1609 6184 4776 8270 7246 3139 4246 9391 4958 7346 3632 2033 7339 1558 2202 2848 7036 6004 726 3858 1349 9944 8586 2692 9043 1918 9013 1994 5133 7826 6435 3216 5112 5686 4959 8439 3785 6036 9832 1373 8480 213 4743 1659 6867 5026 16 581 5160 5881 1975 861 4344 898 6213
7785 1072 209 1643 295 3850 6383 9942 5454 2204 5685 6468 22 8206 3368 4038 667 6097 7611 6278 8414 1951 3761 7914 5933 206 2899 3178 4500 2585 5745 9247 307 5408 4412 1884 3569 5919 7299 6354 98 1485 268 6926 5574 3813 3414 2982 9874 3290 8524 8404 7218 3255 2269 2273 9039 2724 4665
8006 1325 1216 6175 6975 2281 331 7877 6801 1585 227 407 4366 2020 9923 7796 7750 1804 5894 9573 1888 8745 3906 6208 6778 2688 2354 8476 1341 7811 3332 1989 2852 9283 7365 1762 8862 115 1418 8229 1714 1039 9344 7891 1779 476 1782 2597 5844 5122 7881 366 6157 9272 3552 2654 9151 6367 2810
4358 8005 1777 5477 5485 3435 7707 1840 2739 3475 9689 8147 4596 8502 8321 5053 2591 9336 6963 6926 7735 4671 1631 3495 6665 5829 9527 1742 1359 5996 9495 166 5317 2561 2706 8207 6203 964 1167 201 6154 9559 5732 1759 2074 8997 6753 8354 9698 6886 1824 819 3314 5952 6059 7366 9998 5583 8127
5283 9019 1576 1936 8110 6336 9946 3982 7865 2229 4903 5622 1689 4174 3266 3515 7398 4494 7128 6582 6695 6758 7220 5948 1758 2637 5198 8367 3343 5940 7508 9768 6583 9370 1180 1555 618 3054 5272 3995 1933 4851 1275 2264 4758 9625 2619 4390 7505 2729 9543 9448 2276 9201 2235 7997 869 4977 3410
2674 27 6261 1099 4152 882 4884 1119 7607 9810 696 5522 9987 7954 2399 4360 910 2617 4913 3050 1950 7350 5315 2217 4992 8209 4812 4002 5485 9346 2182 8147 2796 1392 9543 7725 2601 9020 1233 5962 6277 5327 6838 2321 1437 9072 6400 2231 3839 3851 7567 169 4170 575 3364 3847 8709 2359 9263
2003 3700 9515 996 5226 6710 7239 2259 1698 8674 1901 1128 6837 3443 487 2480 236 9442 5727 9885 8448 4723 98 3003 5917 4034 882 1188 6921 4096 732 7809 4819 1240 1002 739 1487 2087 9977 3233 897 4780 3261 6018 7591 9147 7827 2669 172 2872 6728 7391 362 2467 8376 6221 5185 7839 4809 9067
485 503 2393 3596 3980 7251 9029 1162 7561 7991 6765 1945 4450 3869 7972 551 1401 3125 3564 8646 5977 3913 6481 2190 9118 134 5988 2877 266 2424 1723 4320 3542 8053 4551 7654 2886 6956 1654 6290 6800 5951 9514 4690 7822 2207 5434 9183 6930 2040 4200 5700 8906 8061 9459 6289 1348 2180 1149 978
8099 709 2128 236 4418 9951 6396 7832 5112 6124 6996 8884 1885 7190 5514 8421 1117 1066 3416 6801 6635 9484 1617 9773 6551 1355 198 434 243 5526 8525 8117 4722 6159 8288 1607 2466 4639 3570 5402 3339 1066 7079 7670 6520 4324 2340 2442 150 8868 9748 2567 1227 3209 2445 1929 2217 379 7139 2407
4483 6787 299 5310 9119 2780 3602 9193 9757 7483 927 8452 3191 4174 2919 1184 9897 2434 8480 8409 1538 7975 632 1607 7979 6199 5302 2818 1080 7797 7712 4889 6541 3971 9567 389 7683 7895 4304 8025 460 8014 2541 2957 2163 2849 2204 2860 2230 5223 4406 5866 5912 7899 6794 8858 6883 7295 9714 3742
5723 4050 6023 8672 2681 7550 1409 4609 5910 4901 6689 9105 1462 5453 1699 2782 5159 3337 9918 1472 298 1627 9806 9476 1937 3158 5636 6920 4490 569 7195 5591 603 8425 3470 6676 4654 2157 4585 3276 2239 2208 2654 4935 6212 8722 8137 1376 1724 2432 1109 3461 1899 7510 8048 9025 9525 1586 3548 2664
8376 9787 8472 9907 352 2450 4287 7165 8005 6583 5375 2348 6983 1535 6925 9524 3645 5364 806 2841 1578 4702 1961 2307 4785 129 4484 1111 4923 1559 3596 4468 1607 4575 721 7818 7009 2038 8305 3298 9301 4853 8203 5674 5094 6218 2599 80 6490 8156 644 8097 776 6330 5954 7458 1574 1971 3682 1295
1788 7531 3371 6674 6572 2556 3102 5574 1718 5339 8187 812 3367 2381 2245 6686 1698 9066 4532 3618 8499 1265 6730 5954 1087 8508 2169 7098 7599 4149 9426 6417 3951 4504 6064 667 1154 2747 8455 7310 8568 6588 6663 8643 8819 8746 358 3936 3798 4502 4253 7588 1679 4091 8432 5874 8919 2972 2516 914
9223 3005 9181 3972 7117 8021 7701 5495 1487 1091 8836 6745 751 558 7596 4463 8064 1521 2916 1095 8568 1959 7816 940 7366 7426 6030 4138 9782 307 7276 99 9363 3509 9625 6578 4397 6939 2673 13 3035 8764 1053 8256 7170 875 2146 216 6230 4140 1208 6957 5057 6947 6878 9667 6850 6223 4557 2146
2135 1640 1258 4581 6430 5861 2191 9201 3544 3425 2668 1815 6751 5566 58 5803 3066 634 7073 1045 5007 5266 2971 8200 9720 1060 8696 193 7977 7897 9955 4722 9072 339 404 3024 2622 1651 1992 4698 9717 191 4974 1691 1843 8226 1092 4002 6622 7316 9201 9135 7104 4955 691 1089 9189 8130 3357 3214
2387 6793 153 7970 5562 9693 7956 60 8395 4937 7818 5509 5485 493 2479 7474 6846 5935 4769 4284 2359 3407 3722 9870 6260 2960 3306 7007 6434 835 1012 8161 1673 1413 2296 4185 9516 9693 8289 7360 7998 3935 8751 7497 2520 6436 8136 2964 249 2045 1994 8738 3277 7478 8661 2906 4464 8728 3431 5228
133 5169 183 3204 5058 2727 5510 5249 7951 9179 307 2566 6703 1019 2014 576 973 5131 495 697 5403 9605 4584 1805 1479 5870 9336 6635 4735 3099 1201 7374 8070 7667 2221 8013 6183 3095 7068 8160 5290 304 1281 2052 5269 1031 6814 5312 1797 9771 8173 1945 77 3054 6337 275 941 3777 4972 8185
3879 2145 7666 190 974 2642 3006 997 784 1803 1763 5038 6134 5762 1317 3699 3785 2970 1577 7394 1655 4090 8155 7787 9670 9296 4735 4364 1352 4166 6554 3419 9728 563 3089 8308 5909 6021 5089 2068 84 3373 834 357 6954 6028 8886 4122 5058 5533 3942 4862 4620 2370 255 4200 6767 2164 4776 1106
1504 549 8968 9706 8371 2744 2486 5944 2882 3204 5552 7105 9100 949 1968 9244 1631 3187 4220 1443 1225 1575 5229 876 3867 7739 1587 6968 3280 2417 2374 2651 364 2519 4399 382 6920 5545 9017 2434 9309 6743 9842 3494 1103 7369 9303 6410 8685 4337 1455 6980 9909 3648 1510 6483 9981 8331 3165 7843
6608 4975 9888 6273 3237 211 632 8591 6278 7213 3362 7769 1712 5895 3472 121 390 5171 4494 8920 4043 9885 2023 1862 6992 1232 2537 2317 3722 8364 7767 7313 711 4455 7198 7130 6675 4305 5514 5140 2838 5692 2649 8758 6784 7067 7552 1843 7816 1050 7341 7262 1042 783 5724 417 7679 5200 7278 6896
489 2598 9303 137 7807 2400 7864 2734 797 1562 5260 5111 2319 3086 7686 97 5864 6140 3259 7788 6958 8631 9628 8740 2121 9600 2423 8477 9900 4423 6685 3861 7554 6335 4519 9812 1133 7282 9125 2951 5899 6516 6152 5086 5930 3964 1265 7138 462 7841 137 3051 720 1233 5122 8545 5433 8375 4814 610
8143 9166 8159 9203 9599 961 222 266 9420 7269 2976 8300 9686 9786 69 386 3135 7053 5395 6513 1194 210 5027 1466 1957 1872 4042 6991 8233 7997 1194 119 5151 1083 2778 4036 1477 8403 1588 8003 3490 1922 622 1652 1734 2529 1723 7835 2725 5242 1298 3813 1621 6295 8671 3903 5622 2188 281 6740
5186 2664 5460 1813 4693 9833 6375 7358 2687 1134 8321 2727 6887 496 6952 2696 4562 3683 8658 4688 3444 3881 1111 1448 1639 761 806 1667 2154 6286 2488 5577 8363 4354 8802 2004 4328 6461 1231 7755 1827 473 6797 2877 6948 4712 6070 80 9795 6567 1250 779 6134 5252 27 4176 9623 6047 7841 334
5786 7965 2991 1942 4477 1123 8014 204 7105 8945 8840 1697 3209 7212 2384 1167 9265 7680 4064 6500 3696 1206 2707 9138 7120 3027 3076 182 7518 2369 711 6984 3469 5186 8870 8322 4880 1569 8254 5733 2632 2188 7148 776 250 6527 7122 6275 3221 9442 3470 2539 8242 2007 4605 1534 989 6108 1116 4466
2979 1560 8719 4664 7020 67 886 631 1099 7606 1980 8342 8772 3558 545 8938 3774 1371 7579 5618 1992 9734 3273 1134 1745 1154 8584 1239 6114 2025 3146 2683 2767 7690 4003 7928 5439 7194 3477 7131 6535 8922 15 9289 1646 1815 945 8014 2012 2471 8691 8115 1476 2450 4439 8646 5460 8607 3581 261
4666 3537 7381 7306 6585 3682 8762 7294 7053 5311 1373 8439 1995 4051 479 4100 3933 2648 8403 2187 604 2171 2691 6960 4127 6720 1618 2713 6979 3175 5202 4879 7067 7565 4023 4232 474 2997 796 323 8446 2856 212 3059 2928 9307 9859 1504 3801 1441 7727 762 7064 5056 177 5775 3425 7528 4208 4399
2375 6977 816 1807 1997 2420 9719 8939 3418 2413 3504 543 7227 5199 4852 9079 2190 4313 7477 37 8748 504 7405 5395 6310 7325 119 2457 1107 5088 5291 2658 1288 4373 8928 4795 1930 4414 333 4795 1808 3713 352 217 2028 9100 6595 8010 2812 9238 2716 3130 3452 1847 677 8397 670 186 475 9174
5468 3778 7162 7720 1837 1340 2568 6332 3127 8484 945 4754 1141 3066 404 7579 2505 6549 1499 5413 4162 328 3328 6792 225 1637 1694 1666 4345 8160 8647 1294 4758 7670 4101 1547 5711 4397 1442 7641 110 9260 315 9654 9856 1647 5554 667 2104 932 6531 273 8553 4378 9898 3000 5796 203 9363 2216
7246 9078 1025 2921 2086 2226 1299 4609 310 608 4244 5916 2887 1073 9187 8225 8266 1176 531 722 6996 5328 643 3924 169 8721 304 9696 1757 335 9033 4952 86 6852 675 5198 518 2608 1470 3570 2137 7582 6344 8155 794 2408 289 8777 1322 6685 2895 4952 2675 2514 7539 7286 6137 4007 3563 6328
9651 8988 2505 7130 4825 403 7956 2471 6910 9207 8237 7448 5104 6238 4869 9024 1421 8683 29 4743 1385 9287 5806 372 5661 6657 6299 4705 9922 1427 8755 6618 351 2807 795 8358 9758 7498 524 3354 1909 8272 7208 4842 6068 3576 8083 225 619 7777 1263 7442 990 637 5257 1664 5195 4389 3523 7339
7931 1021 5025 7484 216 5370 6903 8900 590 913 2706 9664 7188 5745 3207 5007 8221 1604 4314 9430 8026 6194 4368 548 4546 167 70 6082 7077 6502 2259 7005 1213 2302 2651 7352 2167 4412 7510 8603 3200 2273 7824 256 2675 2805 274 6784 4930 3947 7490 1353 1539 2903 5094 83 1101 6158 1902 1315
898 717 2003 5103 2688 1933 9211 8916 1843 4597 1278 2436 2573 976 5869 7188 6553 6481 3362 9669 6972 6468 1603 8368 8381 6567 2251 5496 7110 4665 5242 6555 1739 1681 7003 921 5451 6050 5111 840 1445 5822 553 3255 6637 2505 4129 9554 6334 9039 4941 9974 6994 3880 9013 2661 2960 4474 7253 3051
6438 2288 2945 2498 8472 6507 2419 8867 7 9638 1897 7758 4196 3838 2429 6268 5191 113 9957 6883 2252 6902 1164 7434 5053 1438 2144 2382 1782 1913 4574 1364 7588 7244 5162 1343 8224 3697 2628 5700 8731 992 5639 8573 4345 9629 7684 1803 2675 5906 9071 8511 1096 654 7400 1370 1381 4942 6252 4420
4069 2795 9596 5242 3705 7220 7647 5724 4683 8685 3988 3302 1408 6184 779 3692 1628 5572 9077 2539 6474 4227 24 6974 5149 8880 999 6223 8081 3504 2193 9934 1141 728 6921 775 8109 8752 1751 847 4258 9367 2077 8671 2461 7367 4588 2260 7876 9274 3047 1814 308 8268 6968 3543 6016 483 227 1551
1897 9549 3656 518 1503 1785 364 7473 5990 4457 8890 9585 2685 7797 8917 6696 3723 4468 7170 3853 2106 9735 8020 2546 8072 4534 8584 6532 5260 671 866 2034 9750 6044 7159 7570 8523 7893 189 7201 7183 9189 6080 4617 1187 193 214 1848 4433 3495 1461 3391 2661 115 1635 2776 3839 72 7454 1915
3767 2205 6846 4706 432 6501 2056 5691 2752 6212 5876 6943 4462 9423 3169 4593 2013 2467 1959 3721 5704 1000 461 3457 1678 8807 748 8431 3553 9706 692 1013 3449 4148 9613 4485 142 3281 3297 985 4070 3598 1657 6034 9708 9404 5605 1359 1202 225 2751 2561 1592 6848 1074 909 1245 2826 359 7793
7797 7109 9312 7274 8939 5884 7065 1413 5257 3751 8668 1060 6151 8300 9908 1700 2208 3926 6132 9341 5819 6005 4248 5433 2488 1446 4732 1337 8313 7189 1292 1492 4563 6496 8860 9489 6965 7566 777 5112 8489 1359 6015 2260 2616 5493 7757 747 1427 3860 5862 625 1183 3734 9017 57 1729 8515 8467 1838
7018 2767 6979 8049 9252 9859 479 6884 4206 7968 4309 8630 8261 98 1556 9664 9188 50 8780 6176 3164 622 1507 1571 3639 9805 8842 6505 58 2317 2143 8243 825 5664 8372 1104 1904 5271 912 2953 6671 2797 437 9065 2101 4503 1570 7089 4305 6538 8537 9499 1700 6173 4307 2813 3323 7537 4723 7200
4556 430 1225 2354 1454 3376 104 6649 4430 1347 6969 4393 8623 2986 8385 4168 7714 7958 7937 2623 5735 917 3500 1187 419 8552 2175 8182 8626 4410 6876 2456 8014 6510 4007 241 7184 3096 1557 5796 4455 5551 1057 7708 5351 865 9361 9578 7444 6087 2600 4786 1199 1611 4894 5762 4576 808 2013 245
1733 7600 1965 7703 2329 1988 8850 9482 6248 4479 3028 312 8706 4819 1184 9834 399 2921 8253 7752 8274 8899 5873 1906 513 8437 389 1166 5139 371 7399 8611 315 1212 8638 726 5108 6072 2483 851 6206 3037 6798 3246 8552 472 5422 1978 1102 874 9165 1802 7365 5873 899 1046 6212 6442 9643 4928
2181 4147 3667 8856 1373 9045 6455 4429 7528 9586 1696 6629 2873 2283 4361 9374 5536 6069 4675 4085 3052 5069 8186 4424 980 5338 5351 9703 7393 9298 3222 6928 414 7888 59 2524 1858 3524 5265 6835 3709 1130 8883 3367 3089 4352 6431 1984 3075 6787 8215 4835 1170 8313 7850 1737 5560 1701 3571 2413
8639 374 3680 470 7493 7888 341 2662 819 2303 290 3858 2410 2617 6499 3587 7487 6612 4630 556 4761 41 2610 4412 328 3111 7142 6678 2185 1610 7200 5216 1095 8269 8319 2906 179 989 6651 9359 2791 9968 7043 992 9800 967 5367 1311 2187 7824 872 1385 8825 7631 29 4504 9189 589 4263 7304
2110 3329 5174 120 1392 7439 9821 7779 5408 2878 3956 3136 567 2495 9181 8854 6686 250 6377 3764 7100 6443 7980 4192 8140 829 1006 9999 2978 7109 2163 9557 8463 131 3101 5100 5491 2036 1153 9914 4755 4252 56 8783 3499 1090 5110 8716 8517 1244 6016 746 3163 5085 5226 2745 217 2524 606 56
5175 3191 1940 1733 9013 1367 8350 7942 9304 1445 1731 327 4436 1886 8351 7060 1962 8355 2456 5898 8149 6340 8068 9721 5103 8831 6633 7004 2745 611 2262 2572 4747 6281 9440 18 8936 9701 6655 9628 5302 3674 9115 2386 844 332 9537 233 9053 1050 2522 1911 3077 8475 221 2424 369 6919 2675 977
5283 1834 5004 6947 7222 7989 6961 178 815 5574 6586 7111 9749 3657 3921 6275 9475 222 5446 7604 7195 3933 8595 7853 973 8360 4691 9329 8504 2752 271 2096 7568 714 698 8549 9153 5154 8782 8639 1875 5505 2309 4383 4399 1564 4909 8369 6000 5501 5206 3375 7069 390 413 7170 1382 5555 9294 2410
1773 2191 5557 1840 1208 5082 5734 7018 5348 3241 95 1407 3980 6558 8058 4171 4793 6186 5591 1861 3500 7888 6313 4320 379 3500 6927 8431 5720 7396 214 5148 3464 5262 1118 650 2450 6082 3178 5193 4406 2945 3612 9610 9169 9110 896 5173 270 8779 3159 5063 9694 5184 6327 415 7084 504 6305 859
3882 1764 932 4223 3424 1684 7056 3014 487 5403 3389 5723 416 3586 5724 5034 1354 1312 6255 4819 116 4760 4021 4175 4175 5731 8408 3142 6472 1105 3163 3264 9333 5386 7758 586 6990 5337 8852 8540 6382 8043 6791 8920 9561 6949 6506 6278 4624 164 9630 7582 1251 9240 6569 517 9479 1188 5781 5483
7784 1935 4101 6804 5712 2766 8141 3927 521 7030 6738 7491 3072 2317 2176 2136 2442 1744 6315 2597 2171 3210 9351 1134 5012 1492 2876 4992 7245 984 7268 6392 6820 1018 2167 6064 6836 6185 6826 5436 9706 34 2931 2485 6436 1542 8399 4227 7291 3613 888 2832 7362 5771 9345 4650 7599 3250 9764 1930
9289 3401 63 3555 403 6075 4089 9676 5625 2306 1387 2274 184 9013 3325 2952 6995 3424 2686 7248 2291 5124 6249 6479 974 9246 3604 6044 2395 4876 4971 6937 2069 4494 3116 1701 9150 7289 4116 9696 5174 7265 7770 3105 1388 8328 3034 7285 4372 7906 9557 7529 2186 3004 6566 2618 5654 5580 4488 7498
7649 1962 8215 4582 2214 3631 2053 1525 6396 3468 174 4996 3220 6047 9213 5328 9310 9266 6384 7924 3904 1013 1898 7364 9977 6445 759 2680 4227 28 1653 1629 4328 4258 8434 6248 2695 3492 4256 6925 2038 8653 6640 639 2138 6947 4558 617 5429 43 6921 5196 31 9311 5430 3322 6920 1567 6965 4290
4157 1158 5892 861 1657 8446 3778 1209 2190 4534 8247 8835 9764 8275 7107 203 7248 6037 1012 3842 5017 5804 1867 4551 4600 5450 5937 707 830 3115 6998 9121 7547 5314 2523 818 955 8134 8849 5551 8483 8829 2609 9696 5981 7463 9917 8990 7440 2702 5846 4148 1604 1388 3200 6555 6868 9854 2035 8022
548 3832 4660 3963 3909 4921 8003 1395 727 3856 4694 4323 9535 7919 4294 5148 3657 8271 1560 6353 7312 9637 3630 9415 9739 3027 6575 4129 730 6258 3477 3580 402 622 197 6264 4628 5714 8853 8457 4341 8614 4345 3853 7945 4966 4782 2335 9554 9685 8810 6763 6104 2850 2835 3491 537 2186 2400 5313
259 1710 7309 1662 1278 1782 3075 5826 4032 1205 4423 6605 2348 1263 50 1125 955 3673 3921 2673 381 7616 3821 2582 4929 1661 6461 4495 5059 8952 1995 6035 5862 3802 3413 9746 6787 839 1973 4799 5552 8219 9667 1941 7396 1428 7736 1011 442 8289 9927 777 7717 4905 6264 1288 5075 7631 8644 2053
9236 5877 5896 4574 3660 6207 7267 2352 2631 2713 2018 457 2797 9659 2367 4841 7623 1820 8086 2430 4001 6373 5544 5536 319 4087 2258 9946 9701 9471 816 6219 8946 2441 2159 1564 1645 372 7185 2738 3 2020 7556 7958 6783 6205 7605 8883 2187 8687 2689 3263 21 3261 1884 1806 1814 1858 7141 9044
2143 5366 2778 4090 3861 7821 4216 8291 2448 1057 4310 126 8350 305 4914 2046 7629 4618 7132 9145 1272 8597 658 5438 5377 3137 123 8715 5776 4611 9928 5886 7611 5115 1624 4266 7447 9816 5787 5628 6109 6334 5385 782 913 6039 1332 8123 8399 6665 1691 2212 8855 6119 9249 6003 6043 730 2573 1359
2341 2897 4387 2895 1487 3526 5587 1314 1421 8691 1504 9566 77 4820 9988 1400 1955 4623 1570 3940 4030 5730 5932 636 7167 2748 3238 5430 5403 1311 6075 9105 7135 4196 7966 5921 3795 1487 195 5772 8530 7172 2448 3987 6440 8442 526 5717 3997 1152 4068 6832 9634 2974 4566 1241 9465 1372 1082 8238
7018 7928 3067 1755 5107 1220 97 2090 6432 431 3809 7982 2539 3845 9985 2353 9158 2441 9471 3436 8886 4882 946 7560 6658 7331 2369 4051 2797 4576 451 9605 784 8014 7127 8915 3931 9770 6660 4723 4237 7869 5923 5953 1011 5294 860 1554 7901 2600 7663 2999 8423 1997 1845 6468 5031 9356 5253 8897
9698 4639 5466 7057 2308 8472 821 3394 7839 6413 9984 6724 1155 6321 563 7501 9760 6725 6570 2524 5912 5247 6006 7116 968 5610 83 9020 3784 1838 890 6045 9265 8001 5000 6011 1839 5054 6159 2271 2087 9109 7147 3348 8538 7156 120 3642 2858 5812 7826 6855 4909 2790 3772 4468 5904 1296 5429 3031
6590 9187 3624 29 6081 799 8836 4235 5960 4057 6907 5828 4650 9979 6142 509 681 9517 2585 2431 3706 7155 9019 1261 2949 8182 297 2471 3640 6024 2404 6974 7296 818 2327 4122 1291 3328 1509 1848 9736 5088 2435 4151 5600 3606 9714 6469 8217 5860 480 9589 5656 2280 9295 4805 8263 4918 4982 2813
2839 3688 9206 1674 4392 2227 4240 7563 4294 5580 8469 9627 7334 1067 478 7761 498 1503 4285 9077 1953 4721 228 644 1387 4109 8709 1670 6491 2575 5593 3149 5958 3418 484 7537 8235 6687 3897 6634 5515 4476 2683 7933 7563 2691 8836 1450 3160 6572 8265 9605 2874 9645 2781 2628 1836 793 4836 1161
2379 5735 2731 2641 3708 197 5639 8395 2131 6317 4203 3581 3634 3863 799 2244 2175 3966 8141 5978 3961 4183 6508 8909 8300 3023 227 237 8962 4645 6166 470 6380 600 9829 9183 3362 4242 7750 4898 8488 1013 895 6621 3890 1749 5912 5928 2025 4983 1857 6377 1534 9399 320 196 8494 7792 4718 7975
2982 2136 3170 3605 5289 8378 3149 6640 4912 9928 9112 8348 9889 3984 5307 1010 9780 1374 3104 1939 8145 3603 9048 3646 2766 3141 5756 100 1128 4663 8470 6313 672 4970 2768 5229 8840 6355 1789 8684 4909 8559 1239 9635 3559 8981 6073 2436 287 1835 6670 6651 673 3772 4378 3058 1106 9864 2552 9299
211 428 2067 7228 7063 3475 1096 7895 1409 9597 7675 9418 8162 8368 7626 7533 6898 3068 192 9162 9260 7459 1819 490 8223 9977 9807 3085 1025 4344 6891 9130 8231 7959 8925 1432 5443 7676 6274 8203 9245 2016 1105 4452 6038 50 2681 3170 3640 6622 4727 7118 4962 6735 1277 7302 2979 4482 2895 9239
6948 2126 9711 6048 4011 2369 2524 1141 125 7292 7335 6177 8772 5298 9670 896 2626 2925 2796 8332 468 562 5112 6502 7754 614 4221 7752 7302 1168 9570 7464 931 7376 2859 1631 6552 7617 4712 1770 4749 6204 8061 6961 1053 1677 9330 7367 5805 1545 6347 1618 1468 1888 6842 6251 3483 8672 3507 3159
3727 6154 3057 3511 9445 6729 5703 4269 2261 8208 4634 5777 2906 754 1453 2515 1793 9464 6109 8449 16 9087 2622 2283 9833 2609 8245 9573 4558 2949 3975 9965 3895 4409 2178 9102 3827 8206 5755 8547 6651 4724 2568 4352 4749 3144 1423 5454 6871 7516 1631 7462 2418 3958 8429 9168 1698 3579 481 2876
6107 2414 2450 4192 2390 1443 8591 9155 8132 5065 816 5865 946 2759 3324 1888 1453 9110 6636 6283 1272 8000 352 1997 3964 8727 8720 1769 5072 6201 310 6839 2585 2962 3898 2521 131 546 2318 8399 209 1953 4060 5511 2705 6753 2844 2585 5219 4707 2202 9554 156 860 6792 8384 2166 121 8735 6398
5370 9648 92 879 6705 4649 809 8448 6519 9389 5145 1993 6161 7678 6184 1893 2432 8920 7138 8307 6503 6759 5219 6011 8858 4888 3839 6149 4487 100 9091 22 2649 9178 2251 7612 6666 9996 2117 8893 4521 2349 8294 4907 5885 9049 4333 9002 2505 4790 5045 3493 6784 714 3694 3214 9050 9421 4445 4629
488 6480 690 4730 1604 3358 2043 2230 7229 2914 5976 359 2818 2649 1983 5307 300 8729 2097 1488 5473 3202 1004 3016 1335 1716 386 6610 5349 8802 9930 6359 2448 5078 5350 4963 9877 1300 7557 7589 4177 2547 4217 4472 9193 2361 4795 7330 1351 4614 5053 9117 2995 6309 9521 6021 9219 4606 7273 6769
4243 8992 8910 5381 9208 333 6869 279 1441 5429 5247 3584 1551 3896 656 742 1607 5798 6450 4920 9238 5993 5226 1242 2437 1270 3467 7617 9452 8384 7242 9377 2395 3725 8370 4469 5095 1917 5497 5358 5986 5944 1634 6081 9951 2727 1092 8266 2660 3351 5660 2453 5184 4617 8319 5102 4735 6861 3010 4423
3148 8976 701 9707 1110 7283 2588 5136 998 895 696 7234 9536 1893 6071 2446 9928 7899 2239 1260 9591 8724 7809 1345 6974 3630 7555 291 6538 9635 9454 4558 6905 2008 8970 918 796 2794 4214 3166 6061 2489 1148 825 1058 101 740 6016 4131 3497 24 7363 4281 6165 5577 6211 5111 1409 9840 7055
9134 9454 1399 4877 8347 31 5353 6828 340 5624 1494 7543 451 2694 4748 3405 1393 7935 6195 9935 695 3307 663 8265 1553 467 1708 5940 9428 2185 8525 2459 2914 3960 277 973 8891 9758 5138 8067 7734 2759 9974 4291 2592 7819 304 132 1556 1611 282 2242 8781 2504 212 3540 8104 5269 82 8156
2477 8190 8946 1455 6750 9641 5888 7174 8209 7595 1757 388 75 8958 3565 2633 7470 2178 9680 5750 4436 5122 9219 3554 8572 5961 552 653 9733 6452 4643 6451 3369 281 2887 6883 316 760 864 2080 6996 6881 1698 199 5707 2294 3474 6066 5554 4242 7347 5661 7561 5771 9285 7688 6813 5476 8937 6652
721 1510 9399 1457 2240 7312 1347 1166 1761 4893 2366 4723 9741 7877 4057 724 6541 8614 4815 1287 3879 2180 5299 4848 1402 8638 9592 9962 199 9779 7376 9241 1684 5717 6727 4237 4715 3998 7313 4618 8344 2928 6992 3942 9187 7777 8218 3075 1898 2614 4459 4797 4963 2783 4744 8950 5536 7652 7620 1665
7523 1758 7093 5707 3413 7657 1833 5664 5746 7512 1910 2669 7495 6298 7567 4546 9103 700 4478 9019 6809 6767 414 6303 5118 3611 568 7656 9714 4516 8145 1124 297 9531 5761 1227 1340 3689 7223 7042 3004 1960 6555 3104 5750 9746 3588 79 1512 462 651 7141 7107 6855 752 1476 1681 8080 6876 9614
8329 7014 4311 2637 6592 9844 7498 3329 8306 9021 9303 6715 722 5605 3576 8827 2590 1328 1846 2821 535 2272 2699 1145 9871 4745 6377 5795 244 2071 9756 4752 7644 706 2094 3698 2737 1905 8410 4661 9023 6637 1779 6227 1387 1943 7285 7861 2135 6877 4732 9324 4707 6569 1332 5391 2982 7306 9329 5173
2958 2855 1744 6421 6868 7233 4766 4380 3315 1848 3815 5759 1146 2833 8417 4162 5744 3095 8443 3352 3144 8304 4704 9339 7429 5185 944 3823 5568 260 640 9794 4696 5704 1825 7559 7080 8778 9503 5187 9471 9971 2715 6743 1436 9986 1355 9535 3865 876 7024 3562 9018 833 2585 6892 4821 6881 678 5504
324 4334 783 8578 2425 4515 965 1756 6769 5301 8009 895 605 3498 3325 5620 9597 2712 8328 1171 1309 9566 2222 9108 564 7465 6494 4741 9562 2880 6125 4619 2891 1872 1988 1948 298 111 6582 2189 6295 8379 7589 9479 7139 2115 8613 2751 1668 9 4368 8326 1892 9302 9675 1262 3231 4510 2921 4383
2589 3030 6559 3240 780 7459 4856 6298 4562 8548 5306 7153 1729 1827 1145 3188 7756 9672 2458 9152 6633 5887 2875 7296 3224 8219 4241 5344 2643 4363 1185 1585 325 5179 3235 3023 1680 4526 2820 2290 9722 1739 7451 66 2712 1078 7182 8542 462 4176 726 2655 8117 7665 7313 344 9470 5845 2758 2865
6295 7189 6206 2549 1291 5800 9393 3512 7918 7049 2142 3789 5770 4059 848 2230 1827 6570 1501 5261 450 3332 1264 1748 7152 3208 3978 1240 1985 4173 5748 2155 9091 9238 7432 513 6727 1060 9185 9371 927 9549 1920 1699 2025 2348 4240 1767 9067 2057 2733 1801 543 4539 64 4502 6641 6458 302 6950
9751 3818 178 9428 576 4533 8215 4686 1664 4056 1515 4847 619 2625 4081 123 527 4839 1125 2987 3527 7370 3413 890 750 9357 638 9646 6897 1906 5477 7019 8936 628 536 6021 4934 410 6435 1316 2158 7579 8967 7613 473 1885 1688 207 2645 6691 3142 7019 16 2886 7839 1223 4870 6274 178 2724
8407 1813 2599 5887 2269 4612 2222 5621 9292 286 3877 4315 5290 8581 6109 2157 9681 4554 9567 3525 5235 9992 2219 110 2446 6756 1442 8537 6032 3475 629 2704 3532 61 2060 570 6269 2704 2620 7038 7115 5352 4083 171 6396 942 3958 855 6541 2863 3677 8694 6177 6526 1196 862 6600 5980 6950 6232
7316 3303 4845 8138 9272 2769 7085 1283 2946 8771 2794 9734 4810 2881 1734 267 4603 1007 5512 1202 9522 5124 42 298 4373 7774 7665 4065 6743 2567 5458 4748 1129 7798 7667 2697 34 7673 2032 4211 865 3602 5792 7222 3426 5151 4343 1332 64 3743 4684 3048 8971 7425 286 7192 2522 3839 7362 3024
706 140 896 8797 2599 3161 384 5175 7634 4750 3023 5346 1317 7687 6646 3670 8651 6060 2252 526 1187 2118 2907 6895 8174 4703 8865 1434 8806 58 3544 3 2034 7331 4487 754 8951 8055 9034 9482 1298 5591 80 1112 2147 5673 1300 1134 812 7280 3103 6513 171 2189 5291 64 9523 6901 299 2118
738 3157 8681 4082 3374 3316 1359 2804 4593 2536 7803 1883 9351 6796 525 2205 4998 1904 450 1254 413 8257 5670 3925 240 779 3398 7763 51 44 244 6005 1317 2330 3390 9460 4783 6120 3937 332 6028 9125 8393 9297 3068 1046 7277 825 6996 4885 8473 3557 9832 7289 1563 7201 5643 6104 770 3087
2502 3467 8884 5199 1799 3697 8576 5459 3724 4310 7475 5759 8017 1733 6190 8230 8358 1564 6087 2371 9061 2815 1727 7157 8850 3216 5221 1215 6116 541 169 8718 8723 4282 7539 9468 7234 2001 6053 9285 2302 1463 62 4712 808 3968 5793 7536 3008 4886 8309 6516 370 822 3022 9052 1894 8188 8380 2341
7954 8929 5266 5222 2435 8449 4826 5620 9228 2754 9622 499 29 5537 8154 4318 3976 1903 3785 6728 2208 8092 5358 1668 1123 3731 4380 4131 794 9367 3911 8460 8478 268 21 8288 301 9705 7727 3662 2109 4556 9532 3780 3824 6734 5504 440 2585 7465 7664 438 4094 1575 4250 7739 847 4989 4275 9633
7558 5528 4752 6187 3263 3254 9305 3188 3626 9561 523 7875 1230 6775 5246 6162 2480 8566 4230 447 2724 3350 9677 114 372 1807 4833 3376 6255 3276 5930 2384 531 456 9438 3644 1678 744 4440 8618 1121 1145 8631 1275 1270 1868 5443 2563 9428 3391 9286 3211 4273 8111 1288 7860 1223 7498 9787 3197
6154 4201 3480 2630 1001 6781 6569 7685 1346 5290 1497 7321 7835 5362 7529 8382 9630 3059 5253 257 1045 8579 5686 804 2599 2762 4873 899 401 1746 7392 6088 4841 4763 279 204 7663 2146 346 1135 916 3602 228 8235 63 3659 2763 6916 4734 2194 1787 1634 2810 7578 6816 2337 2399 2481 7560 1576
138 7118 5992 6906 403 7194 7198 58 5549 3036 567 1090 60 4858 9602 4342 4903 3564 5476 1636 4333 819 5837 6975 3148 4378 587 2892 3856 4908 5693 9052 9002 566 9531 7547 6417 2350 485 2264 5405 3717 4329 3382 5009 9625 569 2051 7928 7614 5180 3271 8900 173 179 8911 9587 6285 1582 6283
8179 1842 2065 8676 5735 1283 7554 7570 5787 784 1140 9245 2612 1764 7096 5347 1948 8167 530 7353 1052 9960 5914 4053 9930 121 6805 2428 7062 1146 6147 7831 4832 2011 3146 2619 3724 7308 6899 9113 4136 8279 2147 4083 1661 8065 4397 7520 1924 7677 3333 8594 9131 2530 5624 4950 5480 8526 1387 396
686 2890 1761 1592 2606 8303 2929 936 6527 7225 2775 4742 6417 9244 170 9440 2750 4053 2894 4710 402 5042 2043 7540 6124 5028 4013 5666 9094 1876 1581 8040 7442 452 3200 3125 5781 6071 9087 8802 4041 7395 3223 8530 7533 2246 1089 3101 2415 4471 1013 3230 477 1310 6170 2777 1704 6007 4689 4640
8107 1891 1491 5704 1723 1616 840 3960 6894 4826 5738 978 1873 5793 9113 8821 4485 6621 7232 738 7369 4607 1080 5357 2430 1690 2748 775 1879 4562 5788 4586 879 8916 9973 4388 9792 1942 3425 2663 5041 3776 6220 2880 7504 2635 1383 9927 9760 2025 5680 7606 4500 3062 2721 7646 5869 6621 4183 358
64 334 9350 4182 6796 8526 4028 9139 3626 5839 6995 8235 7573 6290 8619 5044 3053 4218 4872 4895 6871 1651 4423 9619 2567 1747 8390 7080 8657 703 3173 8240 2619 6273 9176 3613 3495 7689 8174 8431 1536 2722 3191 3948 2867 5431 1937 4821 817 149 3411 8279 353 1778 6206 2271 2203 5886 8913 3218
2450 9929 3324 6252 5010 8646 200 9030 2411 302 7845 318 9243 2552 6483 1810 323 1191 4389 2988 2195 3348 4738 3365 5768 6686 7454 8947 6983 8480 7945 3285 1626 2754 7462 5809 106 1490 7423 3627 5997 2724 3223 7977 5411 9671 4176 8100 364 7723 6174 2674 1532 4512 9420 4946 2465 9280 6573 8151
5124 5840 6438 1545 9886 7330 394 8984 8190 7695 1445 1026 4968 5475 942 5239 7807 7897 1943 2300 1670 8873 3942 6589 5044 416 2553 3782 2518 4927 8421 7971 3945 7590 3712 998 1961 3202 608 201 4179 5156 8467 1893 1058 6004 4080 2754 8840 7126 9982 5392 2250 5420 6324 8101 6354 1148 3137 7672
2863 8691 7069 4382 9247 9434 4687 3379 5296 2377 1344 3468 404 7849 1983 5626 2563 8686 4935 1824 3861 3332 2399 2633 64 5065 96 2932 6494 9036 236 4850 7619 1493 3036 4018 7630 2085 1579 9161 6670 5487 9522 6216 3831 5831 1091 7593 500 2057 7786 571 95 269 5056 9710 9631 5210 5090 4688
8370 3561 2978 586 7467 7788 8828 7557 6941 2334 4972 7553 8345 3932 1278 8230 6068 1397 486 1900 5213 2654 7825 3305 9405 2233 7723 9353 9264 4646 6514 6563 2291 3674 8859 3353 6879 2352 628 6336 8597 7518 5514 9265 9145 2201 9196 6111 6132 8459 4927 2457 9765 100 7764 8387 1064 5134 231 3024
2762 4630 7096 6867 8748 9944 5439 5895 5814 729 2140 4042 4189 1051 2221 9281 3384 2781 612 2648 447 8705 312 842 3781 2019 3994 4832 1752 7126 2475 925 486 3344 477 1801 99 5177 3111 2459 8024 7088 2444 5021 8254 4127 8638 251 1931 6785 3774 220 76 7136 4296 2901 7908 7427 9357 4010
2788 9672 9953 1990 2748 3134 7815 2684 576 6567 633 495 8286 8060 8140 431 8895 1250 2211 165 5613 555 1683 786 724 9296 8439 5987 8283 5037 5909 5175 133 3085 3760 9427 7491 3272 8415 3190 124 3546 4062 4489 2400 1670 2276 9322 7161 235 453 1913 115 1829 1017 2497 8270 4039 1597 6187
7602 488 456 7168 7154 2684 7824 6878 7075 5493 9102 2109 7791 1624 7823 2130 7189 1173 7116 5860 1508 2210 5405 8189 6616 8039 442 4786 7699 3535 8226 8327 9584 6349 719 6717 1860 2637 6137 5021 5958 157 7610 586 32 6859 6402 2610 502 8449 1373 9333 2263 3311 8545 4890 1778 775 2300 3277
4171 495 5614 5965 3437 9346 6402 5670 9666 2120 8291 3274 4081 5624 6429 7653 712 8619 9889 9393 5674 610 205 1383 7162 1290 347 4951 8825 6863 3689 3178 253 944 3881 6934 4930 8673 3657 8226 3397 3622 6710 2555 7951 8879 4493 7462 8334 2350 1203 6374 5370 3393 6293 1536 1351 4444 2418 1742
2006 8983 8151 2049 3153 1448 8747 2266 8087 7682 621 3707 7748 1246 9418 6985 4021 6600 4420 9284 6043 8510 3327 27 510 533 462 1674 1843 6077 6429 5669 3825 2277 2912 8105 1952 4657 5996 7265 7955 6651 6340 9319 7592 8569 7272 4955 3614 5166 3576 1977 7158 867 383 1718 269 8854 8286 8795
8601 8339 2422 3109 577 4355 9947 9148 8674 995 9781 5970 607 5558 152 4623 9673 8013 1190 3595 8000 2342 8547 5051 4104 4803 3786 5392 7615 5949 1791 5020 687 1160 7732 1942 6815 4216 4911 864 7214 1428 1548 1159 5907 1307 9535 1530 8142 5316 461 1535 5011 8362 4060 371 2249 2408 7784 8193
3774 801 6679 7588 7341 6083 8063 8784 882 5021 5446 1294 3341 8543 3882 7110 9206 2192 1187 2610 7328 3990 1670 6144 3504 385 7899 2153 6064 2921 4993 6000 3759 6554 6176 8861 9676 1357 6415 1754 2147 5161 5639 829 1302 4393 3896 6840 9648 8975 9323 13 7894 3625 2535 758 7823 6964 3224 2500
5734 7823 5325 6198 845 8817 7185 781 6212 2381 9692 2174 5466 1652 8794 6055 6146 5419 9837 9333 170 2112 6302 8245 8985 1591 842 2985 8871 4650 715 5870 7778 4672 9828 444 4862 7357 3057 5949 8412 9563 3790 3938 2254 9510 4663 2066 8633 3070 16 612 9196 681 9238 5232 3312 4104 1670 9169
8577 5851 7500 4605 8893 1575 6846 824 5594 1638 9130 2085 1308 3855 4045 5839 2183 9608 7750 151 4162 2106 2811 9903 8941 1764 8922 8487 6532 2386 1234 4389 4356 5439 1619 6170 414 9945 323 6467 7690 2516 7187 6493 5646 2290 4786 6477 5950 5281 704 3950 6 7829 4965 7932 2646 1064 8130
7873 1709 3743 1352 5230 2953 7983 1400 4845 1086 4512 4268 5236 2982 6080 996 7132 1271 9675 4243 419 8043 9562 3691 9455 6380 4393 8821 9700 7342 1214 6086 1144 3778 8790 8367 4244 1064 9442 3316 8334 7060 547 3823 8197 5397 2577 5237 8780 3746 2434 7945 971 1205 9641 560 7778 9837 8189
1253 3407 2782 2844 3998 1170 2316 5920 6991 8255 248 5473 1357 6692 3593 6634 8661 6220 4351 3648 2110 9635 2197 6464 7021 5707 1973 6872 4376 7918 2640 7226 3036 1525 814 9677 6754 3176 9842 2372 4768 7287 6481 1426 428 2328 1653 1902 9591 610 286 8932 4727 4714 8696 9276 5429 5404 2370
5071 185 5692 6158 7287 9474 2493 469 662 1227 274 5213 394 4842 1171 3373 6815 7418 2770 8543 8790 7483 2479 4663 3925 953 2457 2724 6158 2731 5110 8213 2213 6716 3108 1934 4700 4239 6256 5643 1681 7967 7928 2996 5546 421 172 1713 848 8429 3434 4512 282 3275 7835 2741 2123 9562 5351
5633 5711 1317 8608 6342 5969 1914 8990 3385 1873 3835 4263 2953 2773 2279 3953 6864 2237 313 6058 1624 4123 3247 2088 1679 5443 6270 8029 5262 2879 6851 2078 6182 9846 877 8420 156 942 5706 4514 4103 8991 7599 3927 39 6442 5916 4055 7896 2650 6158 4869 4248 2474 9175 8852 9573 1112 8603
4846 2298 3544 7261 5364 540 1019 5002 5800 240 3121 1699 7047 2319 5085 7697 4171 1100 3817 4308 1824 4581 6746 2428 8613 3449 5892 8892 4501 5130 209 2476 4343 3874 2862 5518 8594 6746 7767 1811 9045 4809 6500 2719 5238 8138 1428 1898 5418 3057 1257 7640 437 2815 3331 6428 8034 2420 5762
8136 9396 9925 3430 1224 5774 2110 6506 1728 272 3017 865 562 4115 9263 927 6341 1159 1839 3674 8035 6827 2157 6514 2545 5421 365 1759 1060 8147 5376 8699 8018 9017 174 7552 9943 5435 1845 9843 9049 4022 2208 5473 5038 4010 8332 8712 8285 6466 1111 9721 9538 759 137 9805 2102 5730 2408
1926 2062 7169 9255 5479 7170 6732 9502 2662 4865 5592 1712 2401 3251 283 1816 1759 159 3233 2230 1865 1791 3471 8281 3545 2672 2150 2525 5505 1374 7130 1527 4270 8000 356 318 3807 7904 8261 8941 1089 7822 11 4134 637 389 5689 9513 3204 909 2258 7733 3785 6547 1302 4782 9664 9302 3600
3104 7686 6339 3279 2179 8081 276 6164 319 1081 4516 4443 8626 2312 5174 8430 7024 6238 2967 918 2074 6599 2336 291 4338 3105 3153 2510 7758 8680 1355 4749 6683 1813 3260 2951 1763 7655 3120 4552 338 3328 4982 1239 4406 8051 7185 2087 2085 9516 7168 75 6452 9281 3393 813 3637 4311 2497
9232 6224 1737 3590 1204 1861 3044 6545 7275 9552 6134 9134 9754 8639 4569 2030 4193 4000 3338 1415 9262 2046 7711 1162 6847 4238 1897 4790 504 9941 2661 843 5956 6604 4985 1905 78 8263 1774 5354 8034 6690 1672 8213 6432 5580 2990 9300 5041 7001 9286 8257 3133 659 528 9564 2812 7201 1175
8376 315 8587 6499 7511 7826 4428 1730 6723 9987 1000 1480 2527 1062 7264 8500 8621 1827 2548 8166 5185 9567 3177 2014 933 9451 5467 4598 8974 9128 8980 6083 6063 2704 8702 2168 9966 9569 3701 1979 4068 9979 1745 6412 2888 8381 3 1395 5918 8075 877 2137 1755 1442 6935 9258 3804 9935 6735
5178 2440 7613 5088 9974 2596 3325 439 7404 4886 1035 2002 4589 8332 1678 3193 6673 7709 8832 5506 3980 4032 9887 6768 6640 5835 2228 2859 3763 8527 9506 1286 8291 9459 9665 6749 5671 8317 2107 4973 9639 936 5494 9849 7263 1203 9908 3529 7599 246 9143 1782 2119 2491 2409 9140 2034 5162 3067
1870 1584 6820 2892 9737 3049 8741 4572 1522 382 6404 482 1737 3234 3229 7499 2402 7177 7201 5460 7497 8687 4667 1162 7014 524 5351 5055 7937 6679 9454 2992 3368 4857 8773 789 8191 6564 983 9512 2679 3556 2864 5849 3954 9476 8859 2258 9462 355 1982 6167 864 3592 9893 6320 1259 1684 572
8746 6897 4792 417 3386 320 3495 73 9860 3777 109 561 5707 7062 3488 9304 7114 3105 6581 3068 5634 8237 8902 1266 8597 2119 1203 4058 2243 9212 4166 642 370 8010 5820 666 6291 8639 3489 6471 8274 183 9115 3836 575 2756 6250 4630 9147 7230 2462 4151 7541 574 7161 5301 2518 1845 9030
8980 5065 2978 9851 1953 5551 9828 3371 7568 561 1645 5839 3785 8472 6584 5942 6382 8346 8652 6762 1649 1093 4320 3653 8547 1313 5729 1092 3776 1969 6115 4283 8457 2651 7605 2858 9890 4184 3624 7982 4941 2941 1761 3162 8966 6091 3180 8183 4689 3909 9347 2185 2161 8064 7232 4693 1914 7103 368
1664 5369 2496 9256 6634 2739 4144 1708 4459 6507 2134 7230 2652 3048 8063 4355 5849 6262 1046 6732 2053 2764 1735 1316 8526 7406 2212 8773 4275 1891 8487 257 1460 2666 5609 2157 4377 4056 9346 6848 5398 8389 4002 9501 6237 4137 7375 6668 4836 5521 9216 6720 696 8294 4186 8437 5106 384 6121
8312 2489 5334 5857 1340 2536 2777 4325 1194 1042 5554 3175 9224 8036 3257 1426 4781 5593 4136 8517 3348 4371 2191 752 1951 2489 953 5972 1998 9020 5231 6646 705 1886 11 260 2506 5797 3952 3164 2070 1548 7896 2905 5213 6972 6126 3710 6744 1737 3725 408 3682 2015 1784 1775 3954 7199 1324
9694 5161 676 611 9380 2903 1947 3978 2330 6210 994 1733 2613 442 512 2658 926 7526 8422 7611 2736 1779 9844 4496 8161 4367 5871 2644 9909 817 8754 7511 304 1259 6562 6324 1419 9042 1847 3435 585 7853 4583 2802 1898 1293 9477 3400 7519 4588 6378 1162 3582 2841 4787 5561 6473 6738 124
1483 8746 1651 6314 8529 5106 5503 8175 2234 5827 2587 6618 6566 5898 7475 173 8366 7281 5096 6915 5665 2547 6695 5377 5826 7297 1136 1132 6944 2389 9540 6732 2310 8918 3824 432 916 2059 3274 5858 6573 2707 8026 4828 772 9797 9755 6379 768 8227 6114 8227 5911 3764 8782 6035 714 1969 1664
2074 7886 3616 8925 969 7499 4256 5729 1355 6584 1477 1831 500 2102 9829 5334 8134 9899 625 9550 5129 6882 2936 2404 8507 2578 4040 426 2278 540 1654 2146 6034 9609 209 148 1419 2259 2866 9550 6260 499 3254 8604 763 9947 4767 1048 3423 9780 7383 3587 6128 7483 6647 7509 4245 6088 1368
4146 276 5615 9144 5166 8366 2554 1807 1410 4440 1863 6050 5726 6482 3006 711 129 4161 6838 3834 7192 1743 2696 1424 6003 694 7875 5034 8766 7161 7778 556 1567 580 3547 8734 491 8581 8074 8707 5550 8010 4413 2153 5722 3053 4737 1216 8655 5982 9565 9310 5117 3839 4605 3682 2806 5158 1730
807 1767 7598 3736 2604 4488 1519 312 6226 9986 3119 2271 3557 48 5113 1919 2718 2025 6701 1700 1096 2766 4824 522 2211 8895 4614 1757 1286 5715 9157 8320 5415 5895 1132 6498 8095 6582 1963 4719 618 5466 5349 467 6893 4258 9275 2612 6331 916 2315 2960 7961 6757 2601 4932 7824 6391 8668
5774 2643 2786 8413 1446 3506 4327 1963 7817 2735 8928 1330 8406 719 844 1102 4429 8834 3242 106 6931 4774 6931 8942 2955 73 8493 9000 8082 174 6493 4762 5802 5123 2252 3653 8810 6768 2958 2292 3123 1810 2783 5116 3078 5768 2751 7602 2372 158 1168 3294 1542 4104 5629 862 879 8049 4317
5326 3630 9253 1880 1351 1896 140 4217 4453 5413 2857 4245 174 2602 4033 1275 9360 1575 9279 8844 1769 1730 8455 9613 6765 9780 3577 3595 980 5138 3161 9678 2354 8063 6557 721 1051 1632 4231 4496 8166 9088 932 1667 8897 116 7699 9403 6182 1266 730 6107 4684 1918 1974 2025 7297 9509 9489
8436 7431 590 3497 4663 5244 5165 7854 2207 1710 6266 4588 5242 991 3265 8890 9729 3142 4283 6226 7880 2710 3421 3874 4243 9890 6032 1314 7563 2209 9729 4104 8784 6975 1305 7800 9537 4165 2624 2112 4859 7033 733 755 6015 1368 4210 3363 8423 52 7398 8148 6521 2153 1074 1199 3980 2324 1920
7733 1723 2134 3968 1189 4297 1605 573 7168 9204 2595 2656 2570 9916 5955 4723 4627 6550 6586 6553 5255 7068 3699 5436 7123 2551 8262 8391 1161 5376 2153 8342 3766 179 8246 6890 481 5653 4703 5361 2279 3207 4560 5845 8437 2411 1573 7140 3221 8455 4476 6688 8670 7704 9547 4663 1925 601 3637
2374 6488 8436 5401 6042 908 3240 5036 455 8756 4556 2120 7389 6 8499 2932 71 425 5632 3910 566 1442 3515 6182 7677 1983 1701 5525 9486 6451 9944 3118 7318 8643 9731 6092 4980 240 1397 301 527 454 6503 8325 2057 1268 9439 5590 7118 7982 9426 5454 2338 6544 2618 6161 7114 9539 5912
6488 9065 4180 1724 394 1422 5059 6851 9643 1564 9658 4240 9619 1963 2591 9710 5792 9517 411 9492 6494 3299 4828 6362 4549 7936 903 9595 3876 8190 7186 5452 1453 6240 2018 2796 6929 7416 7440 1180 8397 4186 6017 1537 4645 753 5382 1720 8384 833 5825 5065 7380 524 5114 1103 308 360 9249
151 407 6929 5044 4759 9131 5835 915 6353 265 6395 3458 4055 7163 4919 7455 465 7579 1258 7781 5565 4126 6285 9328 9975 1601 6307 2801 8266 7698 9059 4196 165 1842 7723 6433 3761 2394 9122 8016 8530 1260 9519 5057 1676 9371 585 8298 72 6702 9599 242 839 6272 3673 5086 4374 1980 8222
7817 9026 4151 9927 3481 4622 350 2260 3408 3411 6578 9358 7281 4568 8545 3548 148 2962 3687 6154 9691 6813 5301 5798 4726 2619 6705 6173 2387 1357 2957 2215 3290 5584 6796 846 4424 8681 1410 596 7835 5685 1180 709 7790 2650 1297 8074 8148 626 167 6880 7898 1785 5512 7177 9160 9780 2534
7249 2873 4196 9517 1524 2156 1164 4152 3374 7769 4911 8279 83 6472 3582 2623 2096 9278 2833 306 5521 4441 2867 1329 6165 9839 6259 16 6655 2978 9448 9497 1278 3302 9732 4419 7759 550 4477 4435 1057 1076 7752 7524 6441 1424 3895 1492 1656 5531 2580 5839 1146 8683 9982 3855 4927 9249 6148
6500 9983 9882 5311 8561 1850 1092 3285 9271 2591 8881 3563 2790 1118 7024 1819 1793 8222 9690 1671 3601 3971 9291 1228 2541 1339 9266 9450 8585 7768 522 6467 7036 8515 1241 3778 4854 1775 7705 6511 3458 3291 3526 1952 4056 1068 8951 3601 1510 6811 8080 215 6160 7306 1815 3825 70 1485 3317
848 1589 5735 400 713 8704 898 999 585 7665 5843 798 4008 6906 2733 9594 6961 7233 1029 9775 9761 412 3654 2136 2158 3305 4678 6086 8986 4161 873 6702 9240 7565 1860 3516 3182 9129 9684 6300 6955 5977 5296 2074 2251 5626 8316 6472 1401 8250 8640 7537 8836 8314 1337 603 2853 6098 8318
3602 1040 5558 4389 6787 713 3672 8391 1318 9417 4782 1953 3024 5137 8470 5053 3895 2350 8935 4112 9511 7405 2730 757 8164 6769 40 2506 9265 1444 8069 1369 2049 3418 6622 8683 2445 7916 3999 1256 5909 1299 7144 385 1322 1170 7985 2017 3739 8361 1163 5953 2798 2600 3225 7916 9938 9681 6495
4339 9874 5330 4137 4497 8701 9729 4720 7073 5748 6216 6793 8367 7283 8115 3774 492 83 2119 1520 7846 1439 3446 8253 8039 7462 2864 6447 5405 3489 28 4662 3450 5686 1239 1687 2045 8716 988 3300 4641 5807 4774 9998 4084 9478 3794 2776 3386 1395 3303 4078 9571 1947 8170 1157 170 7831 3405
8805 9424 106 5977 3765 8217 5924 8620 6726 4805 4071 7316 6355 369 4936 6541 5718 7519 2727 5207 1102 5779 1618 3835 3744 1744 8103 511 6908 9443 4201 4921 3634 8157 7893 4801 7413 2615 1318 713 494 5553 2933 1777 1187 7771 2485 5494 1290 5928 4078 8331 5177 1680 4152 8315 6608 8133 9562
5853 313 1320 9444 9129 1198 1772 8378 3947 1452 8988 9634 9014 8391 3513 288 2074 8415 8726 8239 1096 9905 4087 1235 6549 3040 695 7292 7902 149 6186 2174 8684 2261 6866 1327 6008 5922 1350 9905 8272 7813 6975 3536 1577 5514 9893 9006 5016 3660 7946 1790 6604 2755 453 8717 654 3275 802
1911 4781 1544 2567 3065 9203 9718 1674 7427 4859 7461 2721 1473 8967 1733 4586 8266 1949 1118 9581 4312 3122 6932 5743 3161 9066 6889 9928 4469 6078 7779 4503 2082 9391 7663 5924 5556 3946 9126 5238 1288 477 6864 8167 1667 5705 8998 7124 5031 232 8620 9449 6550 785 478 9725 9418 3785 7354
2170 6019 2892 6223 5440 610 429 4004 8585 2551 5162 4077 1584 7958 5908 9337 9182 2495 4493 5935 1029 1006 9251 9435 49 3952 4268 9859 3100 823 9858 590 513 3247 1345 1591 7315 4578 5918 1295 2095 2073 1435 7633 3102 8453 760 2554 944 7245 4284 4953 7270 4872 1157 8067 9454 4333 2780
6713 212 4681 9100 9966 7511 9457 6324 2948 6666 9801 6603 4423 2748 7268 1524 4476 7786 8060 130 3883 6147 2629 3134 1770 717 9581 3590 9788 1110 6167 4632 5995 7165 1496 2656 1313 7698 4769 1822 9901 5628 8062 9788 7972 521 6398 1598 7062 8155 805 8442 9314 5633 3246 2042 4348 771 1285
7984 5727 1523 7508 1081 7662 1200 6044 2693 9087 9292 7190 7542 2602 1936 2650 1032 7918 9071 7312 2464 1157 633 3910 71 7305 7761 513 1113 5031 7968 407 6792 2243 5339 1533 5255 7756 9619 6300 6868 209 9724 7081 5061 1748 7856 8357 4151 2702 6804 1282 2339 307 6172 4408 8722 3239 1802
3734 3394 1170 4605 6109 729 9856 6424 9305 7689 8396 5327 49 6629 1294 5642 2690 595 6882 6787 8711 2290 459 1346 1932 1310 9671 6859 2530 6354 9429 1782 7333 1038 6197 2416 3517 1529 6015 624 4242 792 9478 1293 5508 4447 350 5678 1849 7767 2556 4961 5976 8545 5181 4000 9701 9642 9418
2080 14 3184 5114 5404 8086 6372 1320 9363 2032 7488 2327 3005 4878 7147 1443 8851 2394 3819 7849 9376 8582 4842 6634 1442 3919 8107 1628 8053 8455 9471 258 2354 98 5988 6462 9588 3425 9133 1060 2844 9790 2391 5632 5078 7639 3979 810 9403 7470 9264 8424 3800 5424 7491 5829 2590 2277 6121
417 6011 1640 3108 1754 9962 9223 9797 9337 3238 365 8161 8784 2021 894 1046 1394 2035 5763 5919 7411 9948 7927 3559 866 4158 1104 8795 1860 1437 5058 7059 7396 1289 6129 7506 1239 8318 869 5131 996 1706 8275 2471 100 4421 6490 9284 7542 6588 3147 2240 6087 4781 2460 6039 6432 5946 9470
937 2528 8 5006 3648 2571 7591 73 4256 9363 6439 7252 1839 1158 6793 7179 1255 6696 403 920 6730 8931 2360 8806 9622 3293 2104 4038 1529 3305 36 8418 4582 3407 4229 833 9640 112 9533 5050 2359 85 3405 3788 793 6472 9513 2221 5578 9109 5929 33 4031 1810 7729 4110 6616 7725 1876
4365 1412 6597 7588 2036 1194 8923 7325 5522 9812 9418 8179 7754 2686 5141 8361 2932 2816 7744 2867 2592 8376 7347 7022 1181 92 426 4751 8313 9183 9695 7961 8345 7025 2812 675 1227 716 8508 889 8026 4428 8514 6577 7235 9054 5116 8817 5877 3597 5480 768 9214 2761 3032 2538 7684 2073 7651
4696 7488 3458 7292 1519 7922 4568 919 583 321 2196 7672 3807 1569 5847 7886 9759 2123 4383 8369 5119 9783 8775 4344 7414 1517 2019 1102 9701 4365 6461 3285 8053 1131 218 6379 2078 1007 2960 2349 3353 7692 9323 5241 3337 2575 9150 2184 6437 7242 4536 6572 441 546 3319 1462 2383 2358 5777
8732 263 321 2464 9593 4526 1090 9342 4437 926 7018 4914 1622 5938 2373 1497 583 2333 4508 3208 2984 1772 4234 4481 1942 793 1102 7685 5356 1 6945 6601 1946 2648 7848 8620 230 3035 1564 3655 6721 1559 4105 1397 1259 4505 1283 1685 3608 5413 4032 5150 4325 2906 7089 9363 6 5013 7586
3352 7010 3814 5605 1700 2849 7040 746 3414 4084 6181 1875 620 6263 929 1925 4402 707 9973 8160 5800 310 6632 2082 5896 1639 8969 3225 6198 2372 4775 408 8361 8798 6580 3788 2921 1320 1992 1551 4664 8668 8546 6461 2342 2175 5428 3333 2480 3574 1408 4626 4394 4456 1805 5563 4621 54 9999
6872 4945 8425 118 406 3471 5562 7509 2060 2288 2248 8886 9839 1210 1189 3932 7651 8333 2418 5977 995 9672 396 929 194 5426 5895 2350 2883 7062 1627 5254 2919 7437 8092 1146 3765 6002 9070 9488 6110 8163 7671 1939 81 4612 1319 2585 7356 2744 1655 9094 773 8274 5870 496 6728 1496 5018
818 6722 4442 5341 1508 3069 7378 7381 795 1564 4300 2480 2925 1210 1847 1871 8200 4862 1293 7355 6739 8146 7136 1702 6901 4500 2677 2692 660 8444 7077 2761 8753 191 9010 7108 915 5220 8647 2844 2065 9157 4963 1418 1908 520 4823 2440 315 8894 2093 2824 2305 9403 7708 9384 1580 6584 4458
9412 1815 214 9585 6141 7139 3444 6805 2536 5914 8546 5300 4346 1860 8934 5615 5667 9741 7855 4905 7512 6534 9465 2717 2646 1642 1169 5301 2068 917 6329 4520 4280 4640 957 1075 9948 5952 2599 4892 5858 9856 8416 7730 2294 8844 953 4905 244 6176 1081 85 6841 2399 7063 1589 1438 7400 5834
930 5970 2758 2846 7560 775 6264 8555 2708 2288 1840 5281 5822 2074 8079 9782 9273 409 49 2308 8041 3251 2949 1484 8532 9651 6288 3679 3692 743 7602 911 4716 5083 6089 1217 8225 8233 7493 4934 8587 7345 3212 7850 1476 2038 9598 9948 7904 5721 875 1599 2950 3562 8244 7169 4750 6780 480
2810 9499 9033 5024 1799 2491 1174 4421 8024 492 1223 3888 9910 225 9846 9610 5402 6454 1840 8181 6873 6240 3040 4019 628 1353 8673 6693 2432 8954 4078 9015 1152 3273 1708 1658 716 3654 395 9634 3052 2128 5704 4689 8421 5470 9527 643 7304 1915 6191 1276 8103 4305 3254 5007 5465 8761 5775
4913 80 465 9008 4301 2441 303 3865 408 6068 8854 8370 6440 8661 8086 101 8353 7754 7881 508 1520 6125 7275 5036 1083 9068 6762 562 4968 920 8943 8988 5966 4651 1546 1275 4345 9149 4133 1991 7234 7544 9538 9572 2382 2106 950 4228 5318 3084 2890 9150 279 8705 5744 9709 7946 4785 2915
6940 631 7767 6690 2128 2133 4727 8030 6662 7221 6947 4866 7807 705 1024 99 1784 606 453 487 3135 2473 4708 3339 7892 5026 620 8783 1244 2498 3694 2245 444 8786 3822 587 5940 7679 4013 6997 7033 6601 1317 8094 1655 4139 9204 5104 567 1552 6732 8562 3262 387 5274 3937 2486 9463 3414
8883 369 745 3818 3336 9674 9059 103 1937 2559 5010 6869 1862 9260 3451 5401 3202 9113 5609 2667 5458 4792 6794 5480 9758 7975 7147 2550 2343 1997 5664 5670 2322 1971 1752 2767 483 3775 9441 1897 4142 3817 6824 4470 681 9064 2644 2152 598 4381 1332 9887 5008 6643 5205 7201 2452 340 8984
6655 2546 7728 228 9174 8100 7866 9960 4339 7087 7971 5219 7691 3319 6779 3960 1418 7223 9940 6348 3258 8945 6890 2274 8918 2243 4384 4025 6671 8812 7581 2420 5599 7021 8135 890 9980 82 4030 4559 6383 3955 5260 51 5782 2150 4363 7546 9127 8824 5929 9563 838 700 232 5852 2937 291 8520
559 4633 6493 6616 9350 5276 1806 1146 2684 113 9316 4440 3959 171 3768 4724 7656 4898 8803 1956 4085 6902 1299 2685 122 9589 9343 4927 8699 3007 9687 1170 7709 6105 6943 1295 1958 8399 3117 6306 9009 333 3409 6158 5782 1023 4917 8754 7354 8039 8005 4635 7603 9167 4033 5338 4223 4640 3841
5655 1126 2546 5608 4998 8444 9301 2635 5161 571 8336 116 934 3329 8439 6530 7019 8566 450 2131 1983 1297 6940 7205 8874 5803 5466 2122 3400 5364 2621 2490 9561 3732 88 7869 7677 4101 9478 7065 3151 3039 806 8296 127 7476 2665 2798 708 8366 9550 314 6194 4469 2075 5947 840 8373 462
9765 8621 8175 4436 9075 717 2495 9291 3695 8494 6078 2323 4752 9896 889 6651 3331 596 578 1049 8430 3379 2150 9001 1777 2643 4686 2650 6494 6398 1449 8404 1338 8835 1818 4191 1172 1817 5374 8929 485 1745 8609 3334 1241 9724 4865 1829 8301 1293 4595 9296 9593 8111 1637 5676 3473 1434 5364
2146 2134 5571 383 4197 8626 5185 6588 260 1844 6327 7849 131 1976 7807 1525 1205 331 8355 4928 1885 8158 5554 5392 150 9016 7681 4997 494 4225 3216 2752 2778 2716 5311 9743 7863 5285 2128 76 6989 3484 6334 776 9144 7616 367 4722 6138 2383 6742 4716 8555 5261 6188 7823 7858 3219 6256
6845 2265 3034 1948 5928 9964 3576 2266 7778 9010 9610 1895 5476 2992 3971 8087 9763 2874 8724 889 9231 9835 477 7228 2622 7622 9378 7618 3417 2638 6977 468 1013 451 6307 9366 6805 6158 6609 7245 7486 2368 74 2798 1579 5622 2210 5833 9634 2271 1260 9685 614 9968 9788 1853 6254 5528 4918
9276 5463 3440 3323 8341 3317 8566 2325 3287 2896 9786 6432 751 5548 3319 2556 926 9 5430 8128 9676 4429 4480 5826 9308 5566 2947 5444 6818 1365 8295 6465 9443 1151 3489 9080 364 486 3544 9544 4838 1775 8006 4221 216 629 6832 9273 1213 5222 10 5446 4952 1868 693 5963 1157 5311 4987
9134 8018 6761 9836 4938 1406 4971 1977 9329 6720 3998 4673 5523 5691 3852 5019 2175 1 5071 2995 920 3606 1738 8456 3372 8390 8887 5526 1554 2713 2209 7199 802 8277 6628 9183 6970 69 4241 4064 5709 3450 1782 827 766 831 669 2688 3518 8625 8740 9784 7298 6894 2445 7529 441 1949 7175
3178 957 927 5917 3272 6951 7348 2668 488 1064 2577 1883 7485 8117 4592 3750 7068 418 249 1068 5455 2499 7072 9643 1991 79 4879 295 9333 7910 3445 2098 2971 3332 2671 9993 94 9574 1910 267 254 7597 2153 6416 4874 1937 8348 727 9742 4263 8321 6720 8190 6086 487 539 599 9414 208
6609 868 3594 5927 5474 2111 3552 8753 6990 520 1687 5571 4024 107 2656 869 6423 5901 1880 9846 5519 5847 6724 1664 4897 7270 6110 941 7870 3410 9024 6073 1 1709 798 2138 1101 4623 3897 1598 3364 9984 7329 1636 7755 9557 1434 270 3322 1743 5378 5604 2920 3040 6866 5741 2934 575 7124
7434 2827 6110 2804 3443 1920 1866 9385 678 9229 722 5750 9709 8404 8812 7100 336 1723 7701 995 747 4128 2312 1960 144 1401 3024 6697 1024 9305 4721 4703 1430 282 3972 2059 9365 7719 5617 4708 8148 9320 210 672 6598 8692 7141 7089 527 946 1523 6882 1540 1457 7951 1106 9378 1417 8161
96 9601 9777 595 5448 250 1555 2923 5500 4199 4508 3211 8679 2539 56 9701 4862 6322 9182 1075 4408 1833 8583 3126 975 1361 2453 4350 6088 6144 9874 5929 47 5801 182 6751 9750 1981 5486 1245 944 8850 7769 1936 1465 4307 9332 4773 9161 4552 7656 5454 7192 9735 5314 9736 2564 7771 932
2091 6736 7444 123 3393 783 2799 256 7083 9026 568 1827 2336 1919 4765 5812 2279 4259 5301 8724 2280 4584 1968 1964 9390 7370 4944 5499 5391 5574 1641 2470 4335 5605 5509 268 1041 7336 4316 4264 384 180 5186 6778 1949 5520 9472 9783 698 6508 4296 4560 5271 6788 9795 1089 2426 5125 9565
5483 3092 6880 4388 3780 4674 1805 3964 9324 6177 449 4615 2068 8022 3907 6403 4059 6492 91 8276 9193 6223 4221 5300 6847 3609 533 8104 5774 3915 1666 8165 5288 7119 9688 738 8868 8203 5472 6128 8293 3993 9971 4040 1901 9028 7464 7251 5534 1957 4778 9792 8082 8319 8893 945 4811 5048 6290
4743 3437 9177 1993 3936 6923 5176 2918 429 111 1524 4999 9481 7390 2032 8694 711 6524 2244 826 2155 587 6688 4434 8716 8858 2418 5813 3560 9660 2458 6403 873 6021 2268 9361 838 8844 4550 1827 7581 2718 2739 9802 1199 3280 8495 8512 6061 9831 2476 530 8002 9515 2452 5790 4752 2297 6528
4060 5168 6280 8296 7858 964 8302 5980 8050 3152 1492 418 4615 8552 9191 5921 320 5387 4609 8398 1500 4833 3015 501 1367 5840 4596 5066 2980 9221 935 6320 5435 1954 1544 8442 2276 7267 6192 4608 3365 8693 8985 309 4121 8552 3172 6646 786 308 3706 4645 7136 5083 1173 4135 6386 3646 96
6538 7548 8450 1212 1739 1066 9796 8772 5592 4228 875 131 1185 1634 1133 4661 6868 5058 565 1131 9226 3688 9459 7651 796 6773 5412 8392 4393 5195 9091 1189 156 2911 2080 6864 7002 7568 8736 500 329 4616 662 1695 248 208 9377 3838 634 5081 8117 9606 6708 2536 4958 1669 4458 9170 4963
2663 3797 5657 4007 5037 8168 2661 3062 9995 3987 5350 8510 5713 1127 56 6043 2525 7834 232 8184 1054 1726 8183 6354 5196 3646 1869 8623 1270 6664 7728 6192 9276 6369 6660 9923 783 6869 2261 4892 2773 9918 5843 5780 5377 6040 6269 5282 4323 418 8338 3082 8988 919 4067 9891 8404 6094 13
1966 112 5262 3254 7635 4654 2102 8118 5294 1250 3212 7352 9914 198 6917 8736 1372 6910 8245 6383 1652 7162 4279 4949 8224 3375 5806 4310 7729 4264 6077 785 657 2137 1524 3965 5605 2517 8028 964 2736 5712 3734 2677 9945 103 4142 4740 8574 4174 6038 933 4504 1178 8896 4281 7456 5329 4635
5128 1107 6175 7122 4560 66 3899 6306 2716 9725 6649 4379 4393 7330 960 2856 1461 1184 1454 5026 1128 4832 5787 8370 5096 6502 4876 790 6039 8789 6249 774 7376 7345 7601 1495 9971 9721 5004 5583 9772 164 4738 122 6922 5546 4698 125 7727 7607 4981 665 660 4524 4044 1011 8687 8087 4054
4145 3719 5460 2911 7175 4855 9844 4838 2962 3905 8844 5974 453 4501 401 1768 8499 7026 6323 1078 204 1212 3735 2546 1963 9887 8954 7688 4847 1699 5778 2882 8489 1840 6567 5147 7445 468 7010 2550 4029 9811 3589 6544 4362 9214 9996 2787 1484 2503 2754 1772 108 6291 7399 8847 8560 849 6352
7449 1423 8763 3871 8359 8245 5947 9205 8165 7545 4528 3333 5465 3166 6624 4267 8434 8647 3632 6285 3979 7022 6642 4865 2132 4742 9214 9743 1411 527 4916 4648 502 1867 6384 8279 4780 4879 2607 1863 1925 3019 4754 6613 1144 8654 9841 6423 7044 2531 6578 9917 8824 7329 9290 2375 8422 5826 9170
9688 7829 513 6173 8697 6007 5194 8474 4385 7579 1357 3877 9955 5604 2835 6275 5193 2745 3668 446 1456 6990 9288 7053 2083 6402 588 3015 6396 9963 1272 4457 7769 4063 1599 5271 7516 9572 2774 1888 9189 2251 3848 3909 5827 2056 5545 6090 729 6261 6730 5982 5998 4872 8380 8696 7288 8626 9257
9715 3273 1449 5807 779 3994 6136 1134 3880 9815 485 1093 7050 7468 7124 5560 9574 4287 1658 4820 8609 2653 7749 4022 9481 841 3738 6089 2556 6114 5774 1758 6771 741 7865 2049 4015 2755 2904 2441 1928 1237 5554 1760 98 7308 6126 5668 1536 1533 163 9454 2877 9246 1631 8769 5001 9242 3084
6581 4320 4155 2656 8020 5362 9001 9572 2196 1918 3453 4359 3111 7600 1579 2500 8735 1805 112 3249 9318 5949 696 6377 3357 888 6563 5165 7395 3156 312 1622 9144 7086 5851 2446 3939 4918 6875 4448 1873 6880 1567 2253 6703 8408 3107 1025 6634 7590 589 3621 8692 8290 133 1718 5562 970 1204
2901 3364 50 1164 2816 8188 8587 3416 6690 9683 1431 1189 9591 6288 4236 7586 9474 8282 4583 2244 50 6888 1971 8461 4130 9175 2298 4061 656 220 4394 1386 3297 3339 8348 300 8275 471 1201 2380 8691 4155 6382 4623 3007 3000 5658 845 1742 4416 150 2342 2175 4355 716 5063 5568 423 7194
1929 8577 1069 4305 4796 9336 8257 3433 8690 1589 5107 4712 4350 5656 2228 2275 5087 7458 7459 5764 3992 2074 4873 5692 914 1985 705 7626 6739 3256 828 1533 7345 80 2499 1255 738 9601 7791 18 5926 1104 4630 6311 3175 2091 5814 2637 7423 2151 2999 3807 7451 156 6460 1746 3471 3278 8267
7749 5914 6416 7517 9353 843 6212 1256 3203 6292 1046 7579 5535 6830 8842 1161 7831 7086 8099 25 7557 7862 5510 9773 3686 4959 1901 1955 943 1381 9072 6185 5236 8323 8801 6356 5718 5425 2775 9201 9981 1851 5150 301 6743 388 509 6403 2976 9323 9384 1477 2610 5101 2406 8589 6702 3563 2662
2868 5868 5709 6062 9794 6112 7478 9764 4711 9485 9946 9248 553 1598 8350 4529 9071 5891 5280 6560 2718 1161 3671 1714 8290 1629 4763 9697 2607 6034 855 6781 4984 1201 9982 159 8480 2112 204 1487 8687 7766 1263 1559 2951 2702 2806 1863 1271 9018 8808 3898 352 8138 2760 6457 1783 7774 9400
7918 106 7800 508 5276 7287 1573 9120 4797 2281 4077 9404 7292 5891 1464 391 388 5314 2580 2778 2664 1327 7653 6278 1413 6370 2604 7000 5045 5853 9692 2956 6821 7256 7224 3969 6458 3032 3712 7740 8783 3590 7486 2990 2257 9901 6972 2506 7327 2756 5161 3602 812 8557 2652 4385 8904 8492 9591
111 4510 9292 7055 4608 911 7039 9707 3230 8702 6981 7068 7384 5677 9919 764 491 2600 8563 9 2480 1488 4435 7316 2230 7484 2089 357 9522 923 4022 2610 6356 252 700 3328 4923 5602 5864 5289 1900 8754 7092 2110 6527 1023 3899 1439 9210 4600 5695 9016 2114 2896 8471 2254 7855 9454 9789
907 2240 5702 920 1510 3311 2200 4644 7463 9702 1063 9723 8649 3057 3421 5598 5873 566 1277 3284 9982 1459 137 3847 6225 135 3557 1498 8895 5748 6331 5487 9924 19 8993 3961 9083 1864 8648 4430 4971 599 5606 6959 1876 4168 647 3467 3643 4599 4879 944 433 3935 3923 2611 427 2199 1928
9107 2494 7261 6092 4521 9593 2803 1924 1346 7223 3448 726 7632 9621 1736 600 9342 7233 4934 136 402 8964 5113 2253 9336 850 8340 3502 2013 367 3659 2914 937 1251 8755 1239 6497 353 1929 3143 859 5237 2806 5160 5027 8972 2465 2787 5454 553 3909 5496 381 1941 3828 4735 1572 7318 9693
9250 9115 6884 1258 8937 4517 5240 5437 5414 1456 6437 1196 7746 5404 5371 7994 5976 1663 3305 2456 6433 1768 8916 188 4863 7810 5398 1089 1181 5884 1640 6319 4375 6951 3538 6973 567 8031 4706 291 2319 9245 332 5797 46 5773 6210 7613 8332 1324 7764 4919 6712 9876 5737 644 7509 6906 1486
9703 8592 87 3022 7092 453 4519 451 1402 3122 6479 1772 9614 8492 146 2783 3386 8033 9573 9281 8038 1918 6529 1908 8918 3554 3721 9072 995 2 5085 7845 2175 1486 2655 9776 4195 6356 628 3229 379 8372 2748 8731 245 6068 8709 3862 3013 4452 605 7985 7261 325 1303 2930 5979 3333 2369
2690 4739 46 1267 5909 9631 8065 8874 391 356 9324 4517 1272 8359 4532 4848 4218 640 15 991 6360 8958 8496 3949 3129 1050 4440 5639 5205 7328 8875 2770 3927 1452 9874 3108 5364 5665 5743 4689 763 7152 3894 2468 7773 5031 9033 5905 8111 5960 5364 9016 6861 6891 3035 3645 2930 182 7985
6566 9669 2812 2219 4229 5830 5717 7316 9767 2458 6333 8386 1164 8659 8398 5736 1191 1411 4242 1293 8632 1090 2979 8285 6312 5743 6646 8463 7781 7475 2585 7511 1551 1052 7512 4621 8402 552 3734 1341 1909 8928 3545 4608 1714 9256 6759 588 4439 7428 4000 7175 6397 9548 4556 2241 7911 8867 6055
3315 2332 7029 5657 7938 2329 2336 7899 9321 7601 5956 6711 2678 3398 4765 4447 3939 4877 2369 2673 1480 4700 3781 4778 8991 7687 1749 3016 3528 2044 8660 8804 3646 1164 6496 2880 4250 2139 1993 5677 471 953 707 1937 5957 5138 2059 342 658 4307 759 5430 5350 430 528 1206 1037 576 3364
7841 4042 3984 3031 1047 9194 4955 5419 3813 4263 190 592 8407 4207 8243 4717 4474 3108 1233 79 2231 2725 6013 3521 9325 9196 7125 445 4847 8521 1022 7474 5214 1280 4971 3687 5863 8910 7810 7983 3024 1393 9962 1421 1647 8649 4376 4233 5469 1658 58 2963 2505 83 6659 2696 1967 7316 3480
7332 4186 6939 106 9031 8471 32 4981 6122 6029 8194 6184 1315 3930 9121 8135 8791 2351 5597 3838 5680 2143 9199 8726 2031 8788 6358 9724 2196 2579 2373 6928 1547 7409 9932 1260 393 421 8995 1030 1320 5712 7198 6119 8880 490 9293 8429 3575 4399 6067 1773 7353 1194 1690 317 699 97 7157
6578 572 7089 5399 9173 8941 9627 5890 3035 1331 8255 5857 7797 6827 1544 4218 1541 9853 1673 3822 7763 2132 1366 292 2911 493 6469 5157 4951 5101 7910 73 9243 2088 3042 1953 655 9152 112 6886 1873 6251 8638 4979 7004 2904 1549 7838 7036 9747 829 7453 7330 4615 988 7718 9866 2675 1289
1223 5948 704 2333 3608 3792 1810 4061 3197 550 2845 5065 9745 9332 6970 7080 5247 1873 9145 6216 7554 1234 4249 3552 528 4290 9431 697 7010 7608 4420 589 4344 8131 5690 5934 8251 2489 3279 3242 1426 6769 8939 3149 9433 1021 9943 5175 3919 1597 630 2960 2078 6191 1992 4282 6225 7307 1549
