24 16975357148
846930887 1714636916 424238336 1649760493 1189641422 1350490028 1102520060 1967513927 1540383427 1303455737 521595369 1726956430 861021531 233665124 468703136 1801979803 635723059 1125898168 2089018457 1656478043 1653377374 1914544920 756898538 1973594325 11 8964534968
1129566414 412776092 1911759957 137806863 982906997 511702306 1937477085 572660337 805750847 1100661314 1141616125 23 12905098693
2001100546 1548233368 1585990365 760313751 356426809 1889947179 709393585 1918502652 1474612400 1264095061 1843993369 1984210013 1749698587 1956297540 463480571 1975960379 1892066602 927612903 603570493 660260757 485560281 593209442 894429690 20 14225458156
221558441 1063958032 2114738098 1469834482 1610120710 631704568 1255179498 327254587 269455307 352406220 160051529 112805733 378409504 1713258271 1409959709 1373226341 200747797 1117142619 150122847 990892922 20 11923478054
1622597489 338888229 438792351 269441501 116087765 155324915 1982275857 387346492 841148366 1760281937 1186452552 971899229 213975408 1626276122 2130794396 1884661238 1350573794 1605894429 1987231012 1784639530 5 1939964444
1939964444 1432114614 352118607 1909002905 1395235129 10 2937293296
492067918 680466997 496987744 1359512184 1398295500 2086206726 1172755591 243268140 1272469787 968338083 25 12662091676
933110198 740759356 1789376349 1450573623 1034949300 1529195747 1335354341 889023312 1447267606 745425662 1308044879 1569229321 1590079445 1977648523 1402586709 1143408283 559412925 1473442063 238962601 1238433453 1431419380 1665947469 707900974 2113903882 1776808934 21 11685162305
937370164 1973387982 1501252997 1472713774 1662739669 1967681096 437116467 1176911341 1943327685 1876855543 1237379108 588219757 1057418419 1823089413 625032173 1469262010 298625211 1057467588 1555319302 476667373 260401256 40 18802091385
697517722 1950955940 1797073941 1065311706 846811128 1307565985 324763921 231602423 780821397 711645631 917679293 1253207673 1414647626 1046741223 1896306641 1111783899 1197352299 1782280525 524688210 1566288820 2114937733 1927495995 882160380 1682085274 630668851 1858721861 105575580 2118421994 452867622 1857962505 213801962 648031327 1737518945 110613203 982936785 1486222843 255789529 1242608873 1277849959 653448037 34 20422068383
364686249 1129033334 1280321649 1781999755 212251747 364319530 484238047 624549798 1886086991 1750003034 78012498 1671294893 1795519126 474613997 1315209189 1448703730 1545032461 861543922 932026305 828388028 332266749 31308903 820697698 1583571044 1395132003 1974806404 1739000682 669908539 12895152 1812282135 1380171693 860516128 1543755630 1455590965 30 14274274127
136495344 402903178 1503885239 2416950 655495368 1407392293 389040744 1433102830 1402961683 1900553542 337453827 1780172262 1941690361 847228024 1866000082 1586903191 500618997 1184214678 1061730691 2016764525 1748349615 1411328206 2009726313 1877565101 1369602727 1665204917 564325579 1010528947 1708302648 1874799052 32 22640241565
1314218594 1386418628 318561887 70788356 1112720091 1106059480 1051858970 104152275 826047642 970925434 887077889 873524567 1541027285 1745790418 959372261 2137100238 159473060 1282648519 471990784 1983228459 993967638 1826620484 2037770479 1647149315 1152645730 1025533460 1001089439 2077211389 983631234 1645933682 553160359 2069110700 40 23788924518
1204275570 1336092623 1026413174 1404196432 452456683 1858504293 802205058 1388391522 1452888575 126401948 1210359232 40610538 19485055 1291554099 1905241082 371653517 1047372232 1372261797 333582339 1894519219 1931513971 1021784813 2032894978 1859031537 1543324177 395279208 358984858 1344593500 272020128 2033505237 345367819 991810564 1965421245 1319041806 845563292 937558956 524133590 1215828994 74552806 1747844823 38 18033904358
2143124031 1124311575 1421186594 703550254 1388803075 107734714 1725138378 1464415776 672032920 639806733 406011018 114760236 337745692 292423944 124666329 2030449292 1986894019 551836837 362575056 1022963859 1988714905 1250372662 483689686 1360613074 35756852 746349251 1122336504 659639007 1385414640 577721121 714880227 1630387678 1467963982 1814887561 1290127956 1434433519 1821066343 550245197 2 1140384173
1910858271 1140384173 35 14130571807
1582152041 772970073 51245831 1046370348 1520982031 1089653715 168057523 1038626925 93189436 525829205 1312630444 2064945487 356684279 1626250263 14989684 1581539849 1981208325 1691449123 217927336 513937458 204102748 595311777 2013725219 207621704 1815209934 1487053960 932862807 695748721 279121309 811742699 1417076377 1891252716 452825172 1135771560 2025554011 25 19840891821
82173110 857490001 972058110 661955082 11671339 271059427 180785148 1687776788 1954696533 134591282 1131884851 1992576591 833215351 1370973814 1158381495 1766146082 1979015721 1694887983 820097488 1735079297 1604765405 1823796893 1534230298 1108399135 1078898507 18 6400865774
63299709 1287860000 309112298 1669475777 1579068978 1431742588 226723383 219544267 580508861 617909212 2033669087 1088590931 2010794584 632651477 1384095821 500037526 1351538840 1745897491 1 1267889619
1267889619 18 10109179838
1663080929 164826622 370917956 772634226 813274571 216220854 1867107723 223712351 1610009098 787689127 584522072 146533150 928140529 1449228399 1012836611 481928578 1238498977 270754553 8 3452657335
1043388778 1844400658 629580953 6072642 620089369 1396918185 376696777 2060975267 35 19998785465
1849552529 2135019594 1434322198 1779289673 1528806446 415522326 332238284 695466128 1143565422 1375179335 987987335 12548160 411522958 953691762 1402492973 750167717 915711851 108375483 1738076218 2118801174 610486507 771476365 1833488264 1688323173 301373538 222028829 2078107281 1866355857 1723578342 849725353 1143195512 2083149518 190113084 113974113 1931706507 28 15036345138
394709365 1671581033 158136105 878273680 1292413413 1209734970 1724916171 153162845 1020406650 769304466 1968922327 1934660184 411826970 1994320153 1762924394 1092637290 404259632 1347584265 1607774549 1550101878 1872666834 1186994950 2056665156 1369678469 18400961 781098824 213213172 1720185678 6 5472601753
1567022182 14933991 1910210051 1903409955 1372668365 1987235625 40 20513309926
592456290 333293470 478841552 972125384 1172063134 1840019305 830365982 373953667 530788968 1970090193 788380903 1111088132 1077683175 38649719 1330301184 1116945488 518434574 1554725063 1692713934 698312497 1369893142 522971727 296596981 455843486 1670372306 28264030 1600206899 1124734563 482417720 1926411642 505593011 1587992727 198628790 2021303709 1374600939 461152494 962980711 649785906 1881049614 2086963639 22 10535444405
2115227668 836802672 692458744 1589513900 1146137089 213952387 695258233 93155711 1111800031 917609664 298167280 499429650 16922352 1015857465 1698487331 359147516 1987519916 625843882 415675635 240854388 1322623288 1456339644 23 15510117892
1549495355 657103125 331016260 1684677419 692981713 1862558706 1835342734 2002992735 1196774316 1947691088 100670 660916488 573556838 1390598090 1531585206 573666705 674402558 172623404 1424321893 703571523 529302444 274325362 1256273379 21 16659991675
305564046 2125023788 1651675552 1211721387 883799427 962764795 671068507 338346093 750679665 1777288821 845954167 312186355 2016408438 1090099485 1987106313 263419018 724025166 695991609 551201746 1947867423 1047196296 40 22315913595
1718264802 1538026653 1590105341 805251744 1805613092 1510906528 13798879 1564003051 2081362125 363304214 1360478500 775056795 1155465116 1389079343 1582482438 1642663199 844169940 181226514 1992865129 1485511805 1131352347 2124898139 943190496 1245036422 30387227 956134159 65120357 832077646 118993447 1663568112 78417604 707255826 44470217 1209379175 1874960597 1540846268 1396342014 2003980520 912194651 1069117833 40 23792639313
2025251991 627510636 1018041599 1727952742 1364180571 1170132541 1989200802 419914801 1154615610 457676441 1850612764 950881305 1173002607 2133584524 64564350 689442531 1114646705 1551291987 1017565626 1076919592 266222408 609707132 44804920 838139054 1339388428 753959820 464837582 116423769 700287640 1764892439 1031207395 707184681 1623804487 2131058753 1242754099 728149011 1160063180 1616916067 219994426 256804979 7 3565945400
1010764798 2068224548 570840517 1268409913 1175989878 1704572554 592962933 36 21227853576
703955952 1453048499 599529155 1308202907 1371570004 816976785 1085206798 1003463634 2084546561 461851015 2028720898 1773595098 1048938330 111691314 104852635 1343457915 1353668776 608034987 682736627 1565306617 546389570 1498387410 1308581516 25222834 1812247777 1750829614 360022301 100603787 888830764 1793256509 2026929417 1802491983 1638253541 1038828827 31797566 80329500 27 13856265874
1578716909 2000033063 87522687 1597848433 701539808 934618835 1244453597 819827985 1989352325 1336194466 1468519717 321869344 1460654188 1763360603 575705361 461273880 256363942 1940022925 1412017136 918483163 386753871 2044554164 2049197812 940472516 382926235 574682291 551008694 20 14424190986
2011662881 1051402294 1967632855 95275445 1501830324 1767110752 1821115874 616716466 1396768682 1684259684 224048978 1820965015 636600770 542314108 353673392 1776088412 683309588 1999337837 1925473440 330546621 12 4752161917
2097657372 29860597 1594769884 209473568 1353825801 2141153675 763447434 96617458 503615950 919785524 65785293 478307630 16 10902294817
981766423 936621969 1803602256 1262486767 1322710937 81458261 284665221 198619205 1992232984 2138078722 1902736998 309667128 1476492729 258219171 582972799 1456139564 21 13632769758
245277884 1183912268 1992055383 713355512 1899542554 204428609 1904251769 1595371199 1569654969 1318141010 1711089504 1455371255 1768794058 251243824 1230674397 5631943 398068013 866596856 860144855 162403135 1138101282 14 8440312021
894869402 1810713172 1368062959 1628414423 628257756 654829091 612816072 547772604 1660038321 1243769943 614340013 1855103808 1145975359 1019382895 39 18492306001
1386214637 1173059561 1636750615 405201938 964263749 1182176621 259488864 421101833 2026478005 201407459 755526128 709606369 897534570 39848342 438485375 315813606 1624064902 861838990 824722491 1667250733 871700700 1597272001 33165458 1820042349 1530130018 7426170 1063880570 1179529129 136135019 1999038586 869921281 251836755 1656241708 1459834401 233233022 2122466789 1681545191 88639635 1443145326 22 4549584478
825791695 1634296631 699045064 2143493321 339980539 364531493 2085308423 1166437686 40658095 1744161709 365862803 349121785 110341088 1559436158 1217038603 1304438549 955798987 859310841 995097052 20336957 2070707655 102194873 3 957426577
1268632558 957426577 1889537798 20 8428503618
318333695 1090438015 1454580283 106242870 1823025016 419481885 54449300 138700755 2134113237 237140293 543906159 1918386024 1607967722 270617570 1805816261 481387903 1135386148 405341090 2074216440 966618018 16 8148362089
1386099902 1976714675 372315266 504038567 1115917670 1075259135 184794537 915736907 659067698 1906889261 111387571 1249152987 141413009 1609946278 510770137 427778694 27 10457423177
257009720 1818150213 770833935 104221118 1277278675 1369520632 327727209 177312852 1229999243 69114448 1540232677 1107484170 1214790564 1595154932 40776181 1725362298 1611336689 1433572997 1598048402 1419413070 949784417 246088583 2112043683 1235238503 714481124 13146791 909197236 27 9876009389
2123987800 639286230 774404629 1981393800 1447680590 358279877 680503767 954296985 698374760 1654435777 1560307072 1063641239 644834685 620529491 1129707776 1943679782 327305251 1362243429 271826265 26416759 278608945 1254390770 133286978 219976258 1656951143 660064473 1804765596 26 13005447341
302116633 150203108 926440377 850377602 71185161 1247412083 1557686228 1199311797 574690959 236616555 1717295408 1753779928 1954771802 1061537968 1137990261 406736336 434492632 346804713 300819354 1246101663 335558629 1544899552 642112111 875470642 33252482 603123091 15 8763749652
209419370 1217196009 1066075705 680634296 353511415 2138328365 320062252 1211270211 450395739 1852803194 980690627 1438537946 326551395 1610670807 1110980457 36 20360155055
1320399827 1918258804 136864841 1543678156 71061649 1831545291 1836997947 45299068 1486235105 912078409 461780769 1573715236 689710556 1502386252 1045069411 681928292 1786910436 1081029449 170253682 1616992201 1994159652 1222827835 189409561 742949165 749217044 1810821956 2018186734 1102713257 1171142497 541279137 1026253511 286713847 1675910876 441971925 1844967251 2087479886 40 16135323323
1162824072 1401943881 1970782720 1032684368 593443204 1349029730 1198911787 854155595 303238859 535297509 1209597699 1054873514 1642949731 127340948 693550659 619480879 899334108 2139842054 804046008 53476176 1121241303 1080502309 1164465627 1829197087 710058107 846667124 1417988752 202029502 507611411 320401393 871001 910053151 813823382 1622838288 1927454329 867874952 931336719 1073881424 1735551515 1416023183 8 115206658
115206658 243110912 272327631 376875058 1476967138 602569079 340606629 1083189142 26 12016445575
553574883 506959640 1924200849 1222343445 1386615056 1606193486 1108537284 770361247 674426556 1451163043 1016499951 1160475790 507946551 787660057 365547043 841365915 906183459 193088110 639138265 1533499282 78359217 533424261 1423524764 218248264 1943410400 1781459971 18 12863416143
794452112 2082735329 2047140187 442357056 639854684 689034590 1554567090 479834854 757950881 900874212 891528785 1026201115 158535327 1991241043 610645108 1255251762 1915664226 1481907232 11 4591076166
1924264287 1628846895 139722836 545343059 1949378338 122125316 121248618 1051527999 751002781 220071007 943116036 24 7665986749
1599300132 1595930243 198805546 1035317825 707134464 669161003 625728907 243253492 1940599175 112028657 1732360162 1004642739 587833103 2013966849 899633767 358854043 922802943 1718930960 737654462 161922597 1092771207 1142699357 822304436 1708403455 25 12433422343
1820432111 434457258 1573177441 97611887 2094836300 281845290 624486947 637172785 204742851 1169442044 1920703869 1904279193 1609446677 1426608254 1036215464 1697496620 463079270 218942710 65339681 1418468233 582187501 1874545821 186125414 1638462030 2123016229 11 6389534468
1896236449 959171795 589130773 1779664873 1323199268 987059620 2137288710 103822255 1036869529 1297046356 1002564351 32 17083743565
61755149 1140858989 1426869907 213153955 865144370 1440934304 1929452471 850382212 903633727 58591441 366913065 892335527 2066990817 1542537542 167793079 1745693060 1280931766 1929765405 1855459968 1042080533 1335757409 1791321677 2063449295 189258052 871328243 1608112645 1277970781 1483732494 1665676899 19063329 1123716510 2063018203 19 10248222760
1845299959 64317459 1859563182 1029009429 281276175 2111060015 188510063 1646824657 243804736 1714330335 73831161 114962508 783387965 2076334056 1863967038 757001843 1003497684 1255035369 1458757447 18 9163803699
1740033622 726764304 324323222 2014871044 1753744778 327529463 678800871 317992894 1875242062 1560268825 1982908767 885420960 602297894 504760187 1018014058 2081063047 777134496 978610418 17 6254355879
845997814 1776544875 42186307 2129768395 150084507 861798818 1026488340 104451353 1875638894 1227586443 2006420006 305425914 331557303 1277392188 1894600362 1014701102 2093506749 11 6226436357
2135693055 2026366797 625938446 1984048627 371591003 999416033 554938158 76982347 212528561 147775928 806517554 1 0
1798418558 9 4264863693
665636011 20084149 1300595514 1785252278 1130543364 524581325 1158671755 1793891255 1893051879 23 16357155126
1970034226 576724903 191471705 1104028381 1132205947 2066120161 1420599301 1226351143 475745489 220282620 217704413 32321826 1642661449 831220361 674062383 2017461930 1076261903 794123787 1736214338 375487535 505631810 1927203631 1616757670 12 8479621331
2092503158 581544071 310936586 1632565484 560711565 179486053 1087638369 2083955433 140830431 230891467 2119389305 1784051572 35 22311460113
2078175618 265939256 1478633401 1492469148 1208744778 1882802160 430310993 687506458 1410553903 1931525348 690471745 615952862 1599184493 1045552369 1661084822 2067936272 63473288 991742781 813592587 966488614 1281957437 1648610 1932874975 408671760 1443155028 1671067661 1561006485 1059789836 16570125 445968159 1696253216 1121948089 552812662 1154349543 302935501 3 2827800509
1584892937 1242907572 460552959 37 19398001149
1656498188 1751062935 1213877141 1319619073 29809452 84041883 866360495 842198393 1392537954 1954515803 613932653 372758356 1694860592 950615539 1508472945 107920489 1962928546 50086035 876085545 1155505366 558410656 1381672607 872358698 1265596084 1471398404 516816851 1182595893 1793039022 1937495192 1427027496 1331365440 168488324 1246447758 28648727 1588279466 880944651 276217691 23 10774818893
1148576389 542090058 1662919362 1782806241 649830541 1246322142 314909342 659347224 1026374845 1781882153 1293259317 54350260 1441252328 1769973 1514722041 716952775 308424539 1781804172 726277480 1424627020 1942024562 608427747 218474918 4 1357242588
1244849763 1357242588 460362197 1324901555 10 3627583110
415922257 1944442930 1847344719 298975430 1772954888 1979629508 1350422716 1727856738 1780238391 1254413883 6 4052545344
829774318 623678686 219147070 1249748708 665228400 1959970880 39 20904687034
1743131528 2064604174 2103816216 1975402909 2041824131 1045251305 175821957 1810998056 529235707 112526509 1743768898 1844462198 1401808473 1345554530 1053514404 411266132 1541787378 543785592 2018462070 1286598371 1550046829 1387516124 862372073 1008620976 23637095 869439260 1273207250 300248474 1807444982 1535589736 1092059773 1362638021 127758875 1984483446 130644816 1911539848 1307964194 1259076781 55119205 37 15793436894
78756299 136416009 367085194 2146410763 362795151 282723355 589306241 291425260 209854447 912669539 181010039 2120131590 1196748251 973294815 1179339468 486577617 187386866 956774407 1325827442 1449089326 452947989 617409832 1813908252 2117923970 959200314 84870792 771893917 854428387 1181738996 1040759386 773748474 1471690580 2846978 1515607397 1236682858 869813363 401542105 26 13460276645
67966708 554841747 1207774950 29116549 62361874 1054930040 1268374277 924279778 1508918065 806176023 306980109 1838177152 176356570 357984241 909448682 302905193 2093782070 921661147 148214897 1354575024 1037412976 94097162 997191006 1640272696 1322510070 681195177 30 17184726974
371888681 1562479000 1475645297 1789243939 1583887959 1119667503 1540836826 442366147 1480832248 1381543848 747040078 592561019 1032636499 940443438 1632381617 570240350 1540111022 736581906 1266218467 2041641752 997517876 996774027 1140082831 735001926 2092083089 68801444 1508909577 309572887 1612548902 1725663995 10 1833949223
148420697 1065093663 1690815425 1399874864 1827524436 919191848 951788019 1833949223 2045064826 188043984 8 3516288372
879683502 890060909 1769615305 291789063 1452573033 1496216348 881865367 1950138327 39 27736338464
1871812299 837277951 1041655230 1953583399 2032510513 888017809 1717807879 952754350 2006777164 568008765 286316152 1666992710 1264537115 984953221 1728970291 1629190169 2000490108 2096819440 2108050441 1622782494 1606600118 2066148152 1480032909 2122801456 865945942 1553746102 311647340 1255349947 852087127 175627017 1745520790 1886872711 2123801656 345705291 1591644043 1929962104 184320789 80201212 572561812 32 12045803492
1438507753 262458925 910492931 1698636144 40317566 514820753 1389492804 213280397 148472297 1186241695 1493649293 2015319200 1191566618 477127368 141540323 1564633138 1131491978 2023334272 1015322501 233694997 1218458781 1529531401 920670039 1301004341 1644817047 1154499431 1347008217 1387908847 591313493 1099527852 250198953 165418242 34 18461474716
41268865 1211608255 1509887187 686730763 1649296073 1031589326 300719390 741957621 1107747443 1987489993 973365510 573912270 1330625381 941117028 1472184325 2043588475 1451516500 981725171 1227477753 924839326 668170983 1973914399 1909676664 1609372148 153845033 852539235 1680476022 1818128617 585733939 563436827 787086306 1423887804 1567254733 905039196 19 11362875921
1829878521 447272593 1202969763 1401016539 878051464 1925203166 976012583 1860422329 575575028 840714376 1139993260 1974423329 27553147 1019305996 823098033 64784083 895610197 2144316429 1928219640 4 2158961416
658787455 1500173961 349851602 551672442 38 19125075348
1128228876 2020532421 49211757 1720273399 1765530939 362447375 111166930 946638229 939288132 957873436 193836680 1378811578 2033018191 2065010948 621734133 976350311 1967905752 1870701494 549387537 2093882410 2035586990 608580150 736077592 1006047396 351205739 247906198 349281414 112718117 1696779466 377970869 552604754 1920992957 56236615 242660716 940218398 773058977 497905612 827592009 16 12666601587
1833639404 1140579594 1009771476 1999357999 1798340128 38301419 464661175 233706648 2130324324 1875218968 849394219 419786227 1106418447 1536359306 2075699973 1129947780 18 10733367677
123043726 247011965 1116323016 1459522216 774318985 1667674496 1374330758 966491028 1066908521 682974832 865845083 359202789 1110304184 2042169371 1829724492 970403533 773506467 1613950305 24 15062052705
925988872 580268400 465550002 1293460091 382926132 724148076 1810015534 1694830071 336135206 346780947 1555985192 718152761 902863874 1838549459 2137387634 1926228786 378770798 835022191 1922932289 501560354 1108039335 987359760 1202640846 7047984 2 353828930
353828930 1604507193 1 522066538
522066538 10 5140362488
213132348 1658698395 940694004 25314789 1262129794 1075156182 1371195942 203684113 73407064 1652061568 36 16618239187
1043353970 1335132245 113658791 468431722 663091010 848857676 1648440877 618250232 520716455 1190194626 845630305 614064336 489523516 5084673 568062976 297598515 1269833164 934491587 1106668625 2019217282 1392665790 1447315862 1215992975 821687850 1836040216 979577823 150238231 465864482 509643567 2103540593 1084147071 541639839 1886386217 1589988540 731571084 467847178 33 12471911570
1915163039 1250822807 1692064092 1521802051 1819626410 1706701149 374369756 1775428485 155036190 1929465980 1247291217 147594216 1578467456 1307510077 1461012586 927535812 7155896 914453811 870923557 1108199258 197277487 1808851236 866396004 1416966150 2142447451 1430123841 1187427398 1818194012 423399816 1511117185 115000094 965620728 322044318 15 2727244035
1192967874 782091584 218640588 1397401778 168420697 59770331 681678004 472493081 298662560 1594643386 326127304 280707301 540380271 1028676783 893920965 26 17687935014
2086888838 1118520169 1001271362 925357510 588965558 1851329520 146266067 103827879 1261227242 1517358826 332682670 311524658 335635626 1424415508 1777322270 1334600470 820830305 1244683191 726181852 1466177208 1634628763 946482207 2132587761 1703610269 1056865452 1277148712 1 1588673370
1588673370 27 15836095350
324591027 55064663 1100418236 1671157107 1695302121 1595866558 790913701 1589147733 2084583196 2058953643 1438456376 1168535014 541082061 1737386301 1886873447 466715639 289924555 18410472 1911445432 1164107682 310440580 1733264228 1527050708 1379413095 1563074603 1386353915 758479704 29 9718627540
1299561764 791788161 444995155 1028616615 309418565 527386451 1314358699 716385388 379910960 211919534 708443038 713194685 802438800 1411463559 615073829 710887990 376990547 329052919 1522170160 1330961680 760582800 1383866430 1927818510 553596804 1281644147 1641511059 4880534 2015196828 63816221 14 9686577138
678890049 1027209803 1327552474 775094910 1904572464 1333016205 745863594 825060320 824215547 1226918246 2059472634 478488778 1997315116 1769789349 13 7046292098
901482439 1428417141 2000682415 1032113191 502070393 2140173534 219700273 1233214780 258944096 2087796505 985970819 948761569 1403263000 