2000
0 1
0 2
1 3
0 4
1 5
2 6
3 7
3 8
2 9
7 10
10 11
10 12
11 13
3 14
14 15
6 16
15 17
5 18
14 19
2 20
11 21
18 22
2 23
11 24
20 25
1 26
18 27
19 28
2 29
17 30
3 31
25 32
0 33
23 34
34 35
4 36
12 37
18 38
31 39
15 40
6 41
0 42
29 43
18 44
40 45
6 46
39 47
38 48
17 49
5 50
32 51
45 52
26 53
20 54
0 55
55 56
17 57
28 58
37 59
13 60
48 61
11 62
27 63
47 64
12 65
26 66
66 67
60 68
41 69
43 70
31 71
0 72
6 73
61 74
32 75
9 76
56 77
12 78
3 79
5 80
63 81
68 82
13 83
53 84
81 85
59 86
85 87
16 88
70 89
58 90
1 91
86 92
64 93
79 94
20 95
48 96
36 97
90 98
87 99
89 100
96 101
83 102
59 103
94 104
12 105
42 106
29 107
102 108
52 109
87 110
25 111
11 112
29 113
36 114
49 115
17 116
61 117
107 118
116 119
81 120
52 121
8 122
3 123
92 124
78 125
124 126
119 127
7 128
118 129
89 130
49 131
113 132
16 133
14 134
92 135
53 136
63 137
14 138
74 139
103 140
6 141
115 142
17 143
29 144
32 145
24 146
50 147
122 148
60 149
125 150
8 151
72 152
82 153
102 154
14 155
16 156
99 157
83 158
84 159
41 160
52 161
150 162
72 163
72 164
52 165
162 166
24 167
121 168
43 169
95 170
63 171
90 172
132 173
64 174
33 175
84 176
99 177
90 178
0 179
122 180
97 181
60 182
119 183
179 184
9 185
105 186
182 187
138 188
27 189
86 190
130 191
86 192
138 193
81 194
66 195
113 196
85 197
36 198
119 199
178 200
170 201
3 202
16 203
106 204
51 205
36 206
62 207
147 208
178 209
73 210
193 211
136 212
165 213
125 214
190 215
64 216
184 217
207 218
2 219
130 220
1 221
71 222
5 223
24 224
114 225
172 226
86 227
203 228
41 229
208 230
20 231
171 232
92 233
204 234
60 235
132 236
79 237
41 238
228 239
112 240
185 241
27 242
66 243
189 244
76 245
12 246
28 247
65 248
104 249
12 250
217 251
182 252
73 253
66 254
78 255
164 256
241 257
248 258
199 259
135 260
63 261
94 262
166 263
244 264
107 265
92 266
3 267
6 268
187 269
254 270
16 271
13 272
93 273
246 274
197 275
96 276
129 277
218 278
115 279
138 280
174 281
168 282
198 283
46 284
257 285
97 286
48 287
247 288
162 289
36 290
130 291
21 292
26 293
110 294
278 295
141 296
23 297
159 298
17 299
288 300
91 301
180 302
67 303
148 304
123 305
75 306
119 307
199 308
126 309
76 310
202 311
53 312
272 313
303 314
273 315
257 316
92 317
51 318
73 319
202 320
17 321
271 322
98 323
318 324
18 325
3 326
149 327
208 328
179 329
198 330
73 331
251 332
326 333
278 334
209 335
117 336
132 337
336 338
180 339
175 340
299 341
233 342
252 343
339 344
35 345
19 346
345 347
108 348
284 349
177 350
286 351
239 352
305 353
289 354
311 355
77 356
3 357
337 358
272 359
52 360
231 361
11 362
167 363
56 364
114 365
161 366
202 367
103 368
251 369
261 370
356 371
363 372
371 373
43 374
22 375
93 376
341 377
319 378
311 379
272 380
93 381
363 382
343 383
206 384
313 385
241 386
19 387
42 388
293 389
230 390
303 391
232 392
275 393
4 394
293 395
226 396
66 397
2 398
29 399
151 400
156 401
340 402
132 403
338 404
83 405
399 406
96 407
226 408
205 409
400 410
239 411
21 412
36 413
238 414
28 415
153 416
194 417
57 418
39 419
66 420
238 421
318 422
42 423
168 424
263 425
209 426
190 427
15 428
46 429
93 430
327 431
78 432
421 433
178 434
42 435
93 436
2 437
234 438
348 439
156 440
225 441
190 442
121 443
215 444
301 445
412 446
367 447
347 448
268 449
276 450
243 451
339 452
402 453
122 454
132 455
304 456
224 457
397 458
297 459
34 460
14 461
439 462
265 463
431 464
197 465
42 466
78 467
269 468
231 469
239 470
142 471
214 472
285 473
301 474
205 475
420 476
345 477
436 478
128 479
87 480
474 481
358 482
457 483
199 484
432 485
369 486
150 487
355 488
230 489
472 490
417 491
243 492
35 493
466 494
352 495
248 496
81 497
116 498
44 499
211 500
138 501
131 502
296 503
360 504
214 505
349 506
396 507
419 508
174 509
355 510
29 511
454 512
49 513
139 514
302 515
294 516
367 517
292 518
496 519
266 520
352 521
11 522
137 523
344 524
153 525
398 526
429 527
344 528
161 529
225 530
282 531
83 532
71 533
49 534
430 535
14 536
209 537
426 538
399 539
453 540
415 541
530 542
341 543
276 544
492 545
471 546
39 547
301 548
303 549
459 550
205 551
514 552
537 553
421 554
532 555
105 556
176 557
251 558
280 559
130 560
290 561
470 562
480 563
287 564
525 565
383 566
335 567
387 568
563 569
357 570
415 571
124 572
384 573
20 574
142 575
3 576
511 577
417 578
159 579
204 580
375 581
394 582
497 583
129 584
464 585
16 586
417 587
10 588
246 589
221 590
507 591
364 592
470 593
501 594
412 595
3 596
446 597
437 598
290 599
49 600
138 601
340 602
252 603
109 604
99 605
445 606
21 607
606 608
258 609
370 610
163 611
79 612
17 613
492 614
338 615
570 616
557 617
165 618
254 619
55 620
359 621
170 622
568 623
436 624
95 625
189 626
560 627
79 628
559 629
224 630
316 631
548 632
465 633
370 634
1 635
452 636
11 637
571 638
301 639
460 640
45 641
123 642
406 643
601 644
274 645
518 646
88 647
289 648
12 649
54 650
628 651
98 652
273 653
92 654
133 655
294 656
266 657
523 658
437 659
86 660
648 661
208 662
411 663
510 664
639 665
524 666
244 667
472 668
19 669
568 670
476 671
213 672
581 673
400 674
638 675
196 676
148 677
149 678
22 679
28 680
96 681
269 682
286 683
676 684
519 685
640 686
299 687
46 688
181 689
200 690
241 691
618 692
466 693
49 694
249 695
373 696
304 697
512 698
427 699
193 700
8 701
205 702
315 703
634 704
399 705
660 706
217 707
114 708
412 709
637 710
456 711
311 712
20 713
387 714
335 715
243 716
237 717
159 718
71 719
696 720
178 721
641 722
87 723
261 724
317 725
282 726
330 727
157 728
267 729
717 730
372 731
583 732
132 733
361 734
345 735
22 736
157 737
80 738
589 739
296 740
48 741
79 742
218 743
196 744
285 745
586 746
383 747
364 748
527 749
257 750
684 751
451 752
142 753
381 754
364 755
234 756
115 757
392 758
728 759
552 760
398 761
27 762
651 763
43 764
731 765
62 766
648 767
718 768
212 769
480 770
281 771
423 772
307 773
639 774
610 775
675 776
260 777
412 778
154 779
558 780
145 781
719 782
259 783
178 784
39 785
435 786
314 787
251 788
366 789
373 790
726 791
703 792
205 793
34 794
794 795
494 796
590 797
550 798
735 799
724 800
499 801
38 802
373 803
28 804
64 805
426 806
141 807
149 808
205 809
584 810
114 811
669 812
268 813
759 814
337 815
766 816
95 817
722 818
780 819
762 820
647 821
620 822
669 823
367 824
366 825
300 826
199 827
579 828
632 829
304 830
322 831
535 832
749 833
128 834
247 835
774 836
665 837
644 838
110 839
500 840
707 841
492 842
47 843
268 844
7 845
429 846
817 847
679 848
730 849
413 850
273 851
413 852
69 853
356 854
491 855
183 856
571 857
481 858
530 859
683 860
289 861
443 862
669 863
586 864
570 865
93 866
13 867
838 868
168 869
623 870
424 871
161 872
74 873
714 874
392 875
445 876
489 877
282 878
628 879
523 880
544 881
26 882
261 883
178 884
558 885
149 886
872 887
324 888
288 889
882 890
315 891
385 892
777 893
617 894
132 895
205 896
525 897
178 898
653 899
538 900
856 901
635 902
147 903
165 904
399 905
769 906
67 907
774 908
399 909
809 910
603 911
435 912
616 913
898 914
436 915
564 916
430 917
402 918
739 919
505 920
718 921
766 922
677 923
504 924
220 925
761 926
861 927
526 928
580 929
768 930
714 931
845 932
553 933
686 934
226 935
215 936
475 937
216 938
720 939
894 940
661 941
617 942
162 943
723 944
351 945
330 946
280 947
471 948
628 949
640 950
215 951
312 952
460 953
45 954
931 955
462 956
917 957
94 958
840 959
493 960
68 961
694 962
692 963
186 964
139 965
394 966
682 967
509 968
596 969
25 970
129 971
34 972
150 973
556 974
257 975
724 976
551 977
371 978
9 979
517 980
0 981
726 982
543 983
798 984
666 985
236 986
84 987
979 988
100 989
675 990
728 991
673 992
262 993
201 994
616 995
630 996
74 997
498 998
940 999
686 1000
466 1001
990 1002
575 1003
5 1004
645 1005
981 1006
307 1007
629 1008
791 1009
779 1010
532 1011
327 1012
301 1013
986 1014
542 1015
143 1016
957 1017
954 1018
701 1019
869 1020
942 1021
626 1022
830 1023
439 1024
366 1025
502 1026
162 1027
454 1028
438 1029
196 1030
468 1031
849 1032
864 1033
654 1034
747 1035
116 1036
161 1037
728 1038
997 1039
892 1040
304 1041
503 1042
297 1043
254 1044
453 1045
12 1046
331 1047
882 1048
918 1049
405 1050
876 1051
143 1052
815 1053
38 1054
0 1055
775 1056
356 1057
853 1058
102 1059
383 1060
300 1061
593 1062
841 1063
544 1064
683 1065
354 1066
649 1067
1039 1068
198 1069
151 1070
999 1071
438 1072
389 1073
61 1074
426 1075
718 1076
297 1077
491 1078
625 1079
1056 1080
526 1081
737 1082
844 1083
16 1084
489 1085
750 1086
127 1087
944 1088
963 1089
338 1090
656 1091
823 1092
746 1093
1063 1094
842 1095
473 1096
1069 1097
566 1098
902 1099
206 1100
731 1101
162 1102
974 1103
82 1104
508 1105
951 1106
239 1107
492 1108
946 1109
60 1110
15 1111
1052 1112
8 1113
505 1114
1027 1115
1050 1116
633 1117
400 1118
381 1119
726 1120
1061 1121
201 1122
489 1123
726 1124
311 1125
555 1126
1109 1127
174 1128
375 1129
152 1130
250 1131
625 1132
590 1133
376 1134
846 1135
224 1136
633 1137
193 1138
82 1139
763 1140
1003 1141
1051 1142
667 1143
1042 1144
595 1145
692 1146
714 1147
684 1148
41 1149
72 1150
207 1151
324 1152
205 1153
867 1154
458 1155
1135 1156
121 1157
826 1158
850 1159
682 1160
522 1161
602 1162
542 1163
161 1164
427 1165
643 1166
972 1167
607 1168
484 1169
534 1170
316 1171
384 1172
859 1173
900 1174
763 1175
112 1176
1042 1177
161 1178
572 1179
867 1180
1005 1181
393 1182
1125 1183
1039 1184
385 1185
608 1186
1178 1187
18 1188
960 1189
108 1190
496 1191
606 1192
1131 1193
651 1194
854 1195
1022 1196
127 1197
751 1198
492 1199
240 1200
762 1201
623 1202
308 1203
447 1204
995 1205
101 1206
187 1207
290 1208
503 1209
492 1210
698 1211
605 1212
42 1213
612 1214
485 1215
294 1216
1152 1217
971 1218
592 1219
592 1220
99 1221
1158 1222
530 1223
927 1224
1057 1225
891 1226
1182 1227
185 1228
1008 1229
134 1230
112 1231
156 1232
423 1233
847 1234
876 1235
369 1236
17 1237
133 1238
934 1239
153 1240
123 1241
406 1242
168 1243
240 1244
93 1245
193 1246
770 1247
473 1248
562 1249
545 1250
415 1251
101 1252
665 1253
449 1254
920 1255
116 1256
222 1257
756 1258
651 1259
852 1260
954 1261
1188 1262
492 1263
882 1264
703 1265
873 1266
113 1267
83 1268
128 1269
873 1270
567 1271
1218 1272
1237 1273
155 1274
75 1275
994 1276
641 1277
532 1278
166 1279
1035 1280
626 1281
707 1282
1113 1283
195 1284
601 1285
903 1286
402 1287
214 1288
1098 1289
887 1290
604 1291
240 1292
512 1293
393 1294
379 1295
91 1296
811 1297
1226 1298
376 1299
381 1300
983 1301
903 1302
200 1303
621 1304
587 1305
933 1306
906 1307
3 1308
961 1309
333 1310
531 1311
323 1312
1011 1313
384 1314
987 1315
934 1316
602 1317
1069 1318
51 1319
202 1320
101 1321
581 1322
516 1323
312 1324
4 1325
583 1326
964 1327
223 1328
1063 1329
509 1330
1071 1331
963 1332
964 1333
396 1334
918 1335
158 1336
1017 1337
326 1338
162 1339
689 1340
1242 1341
39 1342
874 1343
54 1344
152 1345
1041 1346
444 1347
1138 1348
904 1349
1076 1350
718 1351
651 1352
1303 1353
867 1354
901 1355
1054 1356
560 1357
379 1358
453 1359
633 1360
524 1361
812 1362
576 1363
298 1364
518 1365
1115 1366
651 1367
761 1368
1160 1369
866 1370
329 1371
685 1372
37 1373
1358 1374
1002 1375
847 1376
1163 1377
1004 1378
553 1379
588 1380
719 1381
397 1382
883 1383
875 1384
170 1385
1384 1386
398 1387
740 1388
21 1389
650 1390
382 1391
635 1392
1051 1393
1269 1394
276 1395
758 1396
14 1397
587 1398
1171 1399
1222 1400
1358 1401
1233 1402
397 1403
973 1404
623 1405
513 1406
948 1407
294 1408
534 1409
401 1410
2 1411
744 1412
43 1413
286 1414
846 1415
1346 1416
270 1417
649 1418
233 1419
1225 1420
917 1421
941 1422
902 1423
997 1424
275 1425
1332 1426
260 1427
772 1428
632 1429
109 1430
915 1431
589 1432
590 1433
1030 1434
1089 1435
523 1436
1091 1437
910 1438
982 1439
1426 1440
303 1441
816 1442
1310 1443
992 1444
477 1445
1422 1446
704 1447
861 1448
275 1449
394 1450
274 1451
496 1452
1412 1453
244 1454
1453 1455
1191 1456
959 1457
330 1458
1035 1459
96 1460
42 1461
953 1462
1127 1463
916 1464
1265 1465
339 1466
177 1467
707 1468
616 1469
1368 1470
802 1471
419 1472
872 1473
1052 1474
1022 1475
1220 1476
94 1477
616 1478
1037 1479
1305 1480
757 1481
558 1482
44 1483
72 1484
1042 1485
750 1486
1376 1487
66 1488
698 1489
1417 1490
66 1491
70 1492
187 1493
1337 1494
272 1495
870 1496
590 1497
343 1498
1493 1499
955 1500
728 1501
786 1502
394 1503
1404 1504
628 1505
1003 1506
501 1507
1408 1508
46 1509
931 1510
887 1511
46 1512
1163 1513
1225 1514
1111 1515
250 1516
310 1517
257 1518
756 1519
1369 1520
313 1521
393 1522
160 1523
281 1524
297 1525
1002 1526
437 1527
667 1528
604 1529
35 1530
751 1531
1418 1532
1171 1533
113 1534
1479 1535
747 1536
1057 1537
548 1538
1034 1539
310 1540
411 1541
1078 1542
588 1543
1125 1544
78 1545
172 1546
1058 1547
807 1548
915 1549
1490 1550
565 1551
883 1552
137 1553
119 1554
1055 1555
421 1556
1337 1557
381 1558
619 1559
1437 1560
578 1561
293 1562
1404 1563
533 1564
1415 1565
407 1566
1196 1567
918 1568
843 1569
1546 1570
1369 1571
934 1572
688 1573
396 1574
1008 1575
1408 1576
1545 1577
962 1578
1560 1579
1479 1580
56 1581
1095 1582
1028 1583
257 1584
936 1585
490 1586
75 1587
1156 1588
916 1589
550 1590
918 1591
1285 1592
698 1593
145 1594
1054 1595
815 1596
599 1597
105 1598
516 1599
994 1600
508 1601
817 1602
1528 1603
64 1604
493 1605
329 1606
89 1607
115 1608
1508 1609
1452 1610
716 1611
1267 1612
147 1613
654 1614
1303 1615
698 1616
597 1617
249 1618
1138 1619
668 1620
1257 1621
599 1622
408 1623
1198 1624
1142 1625
634 1626
7 1627
1560 1628
551 1629
164 1630
723 1631
142 1632
159 1633
1377 1634
547 1635
631 1636
5 1637
1511 1638
430 1639
838 1640
67 1641
880 1642
409 1643
927 1644
1052 1645
238 1646
110 1647
920 1648
934 1649
1374 1650
379 1651
896 1652
1421 1653
98 1654
933 1655
1635 1656
411 1657
1613 1658
846 1659
1510 1660
1018 1661
1256 1662
922 1663
648 1664
1572 1665
421 1666
1095 1667
189 1668
1150 1669
1417 1670
763 1671
745 1672
863 1673
561 1674
1535 1675
380 1676
748 1677
1319 1678
240 1679
500 1680
508 1681
1464 1682
1499 1683
1365 1684
563 1685
1610 1686
280 1687
542 1688
1572 1689
420 1690
419 1691
23 1692
48 1693
309 1694
440 1695
177 1696
251 1697
1671 1698
482 1699
1225 1700
1401 1701
1650 1702
590 1703
1599 1704
802 1705
939 1706
1425 1707
689 1708
1240 1709
1549 1710
1293 1711
1432 1712
273 1713
754 1714
1050 1715
1154 1716
557 1717
33 1718
1022 1719
1606 1720
1323 1721
1341 1722
883 1723
902 1724
541 1725
706 1726
744 1727
1066 1728
883 1729
61 1730
497 1731
1259 1732
538 1733
1379 1734
1000 1735
1490 1736
1580 1737
1150 1738
345 1739
1498 1740
1575 1741
1540 1742
962 1743
395 1744
757 1745
1641 1746
526 1747
1074 1748
447 1749
460 1750
370 1751
938 1752
380 1753
1557 1754
245 1755
1283 1756
321 1757
1216 1758
1417 1759
144 1760
458 1761
469 1762
934 1763
236 1764
185 1765
758 1766
1459 1767
1112 1768
677 1769
698 1770
241 1771
887 1772
1071 1773
734 1774
1511 1775
1518 1776
1033 1777
873 1778
574 1779
765 1780
937 1781
1292 1782
123 1783
1518 1784
1277 1785
590 1786
742 1787
1335 1788
71 1789
159 1790
879 1791
164 1792
1524 1793
39 1794
937 1795
1456 1796
856 1797
684 1798
1119 1799
1703 1800
191 1801
1684 1802
1548 1803
46 1804
1 1805
963 1806
1120 1807
101 1808
518 1809
1626 1810
1598 1811
533 1812
778 1813
1631 1814
1078 1815
1462 1816
892 1817
520 1818
779 1819
545 1820
1014 1821
57 1822
950 1823
500 1824
1694 1825
103 1826
689 1827
1384 1828
1798 1829
1142 1830
175 1831
1158 1832
482 1833
477 1834
1133 1835
1157 1836
223 1837
1804 1838
65 1839
830 1840
1236 1841
213 1842
467 1843
674 1844
747 1845
15 1846
1411 1847
460 1848
536 1849
330 1850
1643 1851
1720 1852
1498 1853
1175 1854
271 1855
610 1856
614 1857
988 1858
1696 1859
225 1860
1167 1861
1323 1862
610 1863
1505 1864
680 1865
541 1866
1344 1867
907 1868
1829 1869
914 1870
1073 1871
353 1872
1232 1873
851 1874
414 1875
1655 1876
408 1877
1821 1878
1559 1879
432 1880
1494 1881
772 1882
1373 1883
426 1884
916 1885
935 1886
1356 1887
835 1888
1345 1889
210 1890
555 1891
996 1892
1030 1893
1727 1894
1191 1895
214 1896
905 1897
1051 1898
967 1899
1546 1900
219 1901
1335 1902
1898 1903
1333 1904
372 1905
649 1906
1641 1907
1818 1908
637 1909
1108 1910
913 1911
1440 1912
144 1913
1192 1914
419 1915
708 1916
1621 1917
129 1918
1166 1919
1414 1920
1431 1921
1664 1922
461 1923
635 1924
259 1925
1060 1926
1082 1927
1154 1928
838 1929
616 1930
807 1931
746 1932
13 1933
525 1934
1347 1935
1156 1936
1790 1937
431 1938
9 1939
598 1940
849 1941
1761 1942
1850 1943
367 1944
1782 1945
544 1946
1859 1947
1933 1948
438 1949
1072 1950
973 1951
444 1952
1312 1953
321 1954
1277 1955
1521 1956
743 1957
290 1958
1386 1959
675 1960
1862 1961
173 1962
1041 1963
552 1964
1874 1965
1608 1966
948 1967
902 1968
556 1969
1029 1970
933 1971
1886 1972
1954 1973
1310 1974
1788 1975
560 1976
1714 1977
1296 1978
1635 1979
1895 1980
464 1981
287 1982
723 1983
1650 1984
568 1985
1954 1986
1411 1987
186 1988
150 1989
572 1990
930 1991
1090 1992
1922 1993
837 1994
1196 1995
641 1996
1073 1997
1638 1998
1076 1999
