999 2962
986 987
988 989
989 990
991 992
992 993
993 994
995 996
996 997
997 998
998 999
1 2
2 987
2 992
1 3
3 987
3 992
1 4
4 987
4 992
1 5
5 987
5 992
1 6
6 987
6 992
1 7
7 987
7 992
1 8
8 987
8 992
1 9
9 987
9 992
1 10
10 987
10 992
1 11
11 987
11 992
1 12
12 987
12 992
1 13
13 987
13 992
1 14
14 987
14 992
1 15
15 987
15 992
1 16
16 987
16 992
1 17
17 987
17 992
1 18
18 987
18 992
1 19
19 987
19 992
1 20
20 987
20 992
1 21
21 987
21 992
1 22
22 987
22 992
1 23
23 987
23 992
1 24
24 987
24 992
1 25
25 987
25 992
1 26
26 987
26 992
1 27
27 987
27 992
1 28
28 987
28 992
1 29
29 987
29 992
1 30
30 987
30 992
1 31
31 987
31 992
1 32
32 987
32 992
1 33
33 987
33 992
1 34
34 987
34 992
1 35
35 987
35 992
1 36
36 987
36 992
1 37
37 987
37 992
1 38
38 987
38 992
1 39
39 987
39 992
1 40
40 987
40 992
1 41
41 987
41 992
1 42
42 987
42 992
1 43
43 987
43 992
1 44
44 987
44 992
1 45
45 987
45 992
1 46
46 987
46 992
1 47
47 987
47 992
1 48
48 987
48 992
1 49
49 987
49 992
1 50
50 987
50 992
1 51
51 987
51 992
1 52
52 987
52 992
1 53
53 987
53 992
1 54
54 987
54 992
1 55
55 987
55 992
1 56
56 987
56 992
1 57
57 987
57 992
1 58
58 987
58 992
1 59
59 987
59 992
1 60
60 987
60 992
1 61
61 987
61 992
1 62
62 987
62 992
1 63
63 987
63 992
1 64
64 987
64 992
1 65
65 987
65 992
1 66
66 987
66 992
1 67
67 987
67 992
1 68
68 987
68 992
1 69
69 987
69 992
1 70
70 987
70 992
1 71
71 987
71 992
1 72
72 987
72 992
1 73
73 987
73 992
1 74
74 987
74 992
1 75
75 987
75 992
1 76
76 987
76 992
1 77
77 987
77 992
1 78
78 987
78 992
1 79
79 987
79 992
1 80
80 987
80 992
1 81
81 987
81 992
1 82
82 987
82 992
1 83
83 987
83 992
1 84
84 987
84 992
1 85
85 987
85 992
1 86
86 987
86 992
1 87
87 987
87 992
1 88
88 987
88 992
1 89
89 987
89 992
1 90
90 987
90 992
1 91
91 987
91 992
1 92
92 987
92 992
1 93
93 987
93 992
1 94
94 987
94 992
1 95
95 987
95 992
1 96
96 987
96 992
1 97
97 987
97 992
1 98
98 987
98 992
1 99
99 987
99 992
1 100
100 987
100 992
1 101
101 987
101 992
1 102
102 987
102 992
1 103
103 987
103 992
1 104
104 987
104 992
1 105
105 987
105 992
1 106
106 987
106 992
1 107
107 987
107 992
1 108
108 987
108 992
1 109
109 987
109 992
1 110
110 987
110 992
1 111
111 987
111 992
1 112
112 987
112 992
1 113
113 987
113 992
1 114
114 987
114 992
1 115
115 987
115 992
1 116
116 987
116 992
1 117
117 987
117 992
1 118
118 987
118 992
1 119
119 987
119 992
1 120
120 987
120 992
1 121
121 987
121 992
1 122
122 987
122 992
1 123
123 987
123 992
1 124
124 987
124 992
1 125
125 987
125 992
1 126
126 987
126 992
1 127
127 987
127 992
1 128
128 987
128 992
1 129
129 987
129 992
1 130
130 987
130 992
1 131
131 987
131 992
1 132
132 987
132 992
1 133
133 987
133 992
1 134
134 987
134 992
1 135
135 987
135 992
1 136
136 987
136 992
1 137
137 987
137 992
1 138
138 987
138 992
1 139
139 987
139 992
1 140
140 987
140 992
1 141
141 987
141 992
1 142
142 987
142 992
1 143
143 987
143 992
1 144
144 987
144 992
1 145
145 987
145 992
1 146
146 987
146 992
1 147
147 987
147 992
1 148
148 987
148 992
1 149
149 987
149 992
1 150
150 987
150 992
1 151
151 987
151 992
1 152
152 987
152 992
1 153
153 987
153 992
1 154
154 987
154 992
1 155
155 987
155 992
1 156
156 987
156 992
1 157
157 987
157 992
1 158
158 987
158 992
1 159
159 987
159 992
1 160
160 987
160 992
1 161
161 987
161 992
1 162
162 987
162 992
1 163
163 987
163 992
1 164
164 987
164 992
1 165
165 987
165 992
1 166
166 987
166 992
1 167
167 987
167 992
1 168
168 987
168 992
1 169
169 987
169 992
1 170
170 987
170 992
1 171
171 987
171 992
1 172
172 987
172 992
1 173
173 987
173 992
1 174
174 987
174 992
1 175
175 987
175 992
1 176
176 987
176 992
1 177
177 987
177 992
1 178
178 987
178 992
1 179
179 987
179 992
1 180
180 987
180 992
1 181
181 987
181 992
1 182
182 987
182 992
1 183
183 987
183 992
1 184
184 987
184 992
1 185
185 987
185 992
1 186
186 987
186 992
1 187
187 987
187 992
1 188
188 987
188 992
1 189
189 987
189 992
1 190
190 987
190 992
1 191
191 987
191 992
1 192
192 987
192 992
1 193
193 987
193 992
1 194
194 987
194 992
1 195
195 987
195 992
1 196
196 987
196 992
1 197
197 987
197 992
1 198
198 987
198 992
1 199
199 987
199 992
1 200
200 987
200 992
1 201
201 987
201 992
1 202
202 987
202 992
1 203
203 987
203 992
1 204
204 987
204 992
1 205
205 987
205 992
1 206
206 987
206 992
1 207
207 987
207 992
1 208
208 987
208 992
1 209
209 987
209 992
1 210
210 987
210 992
1 211
211 987
211 992
1 212
212 987
212 992
1 213
213 987
213 992
1 214
214 987
214 992
1 215
215 987
215 992
1 216
216 987
216 992
1 217
217 987
217 992
1 218
218 987
218 992
1 219
219 987
219 992
1 220
220 987
220 992
1 221
221 987
221 992
1 222
222 987
222 992
1 223
223 987
223 992
1 224
224 987
224 992
1 225
225 987
225 992
1 226
226 987
226 992
1 227
227 987
227 992
1 228
228 987
228 992
1 229
229 987
229 992
1 230
230 987
230 992
1 231
231 987
231 992
1 232
232 987
232 992
1 233
233 987
233 992
1 234
234 987
234 992
1 235
235 987
235 992
1 236
236 987
236 992
1 237
237 987
237 992
1 238
238 987
238 992
1 239
239 987
239 992
1 240
240 987
240 992
1 241
241 987
241 992
1 242
242 987
242 992
1 243
243 987
243 992
1 244
244 987
244 992
1 245
245 987
245 992
1 246
246 987
246 992
1 247
247 987
247 992
1 248
248 987
248 992
1 249
249 987
249 992
1 250
250 987
250 992
1 251
251 987
251 992
1 252
252 987
252 992
1 253
253 987
253 992
1 254
254 987
254 992
1 255
255 987
255 992
1 256
256 987
256 992
1 257
257 987
257 992
1 258
258 987
258 992
1 259
259 987
259 992
1 260
260 987
260 992
1 261
261 987
261 992
1 262
262 987
262 992
1 263
263 987
263 992
1 264
264 987
264 992
1 265
265 987
265 992
1 266
266 987
266 992
1 267
267 987
267 992
1 268
268 987
268 992
1 269
269 987
269 992
1 270
270 987
270 992
1 271
271 987
271 992
1 272
272 987
272 992
1 273
273 987
273 992
1 274
274 987
274 992
1 275
275 987
275 992
1 276
276 987
276 992
1 277
277 987
277 992
1 278
278 987
278 992
1 279
279 987
279 992
1 280
280 987
280 992
1 281
281 987
281 992
1 282
282 987
282 992
1 283
283 987
283 992
1 284
284 987
284 992
1 285
285 987
285 992
1 286
286 987
286 992
1 287
287 987
287 992
1 288
288 987
288 992
1 289
289 987
289 992
1 290
290 987
290 992
1 291
291 987
291 992
1 292
292 987
292 992
1 293
293 987
293 992
1 294
294 987
294 992
1 295
295 987
295 992
1 296
296 987
296 992
1 297
297 987
297 992
1 298
298 987
298 992
1 299
299 987
299 992
1 300
300 987
300 992
1 301
301 987
301 992
1 302
302 987
302 992
1 303
303 987
303 992
1 304
304 987
304 992
1 305
305 987
305 992
1 306
306 987
306 992
1 307
307 987
307 992
1 308
308 987
308 992
1 309
309 987
309 992
1 310
310 987
310 992
1 311
311 987
311 992
1 312
312 987
312 992
1 313
313 987
313 992
1 314
314 987
314 992
1 315
315 987
315 992
1 316
316 987
316 992
1 317
317 987
317 992
1 318
318 987
318 992
1 319
319 987
319 992
1 320
320 987
320 992
1 321
321 987
321 992
1 322
322 987
322 992
1 323
323 987
323 992
1 324
324 987
324 992
1 325
325 987
325 992
1 326
326 987
326 992
1 327
327 987
327 992
1 328
328 987
328 992
1 329
329 987
329 992
1 330
330 987
330 992
1 331
331 987
331 992
1 332
332 987
332 992
1 333
333 987
333 992
1 334
334 987
334 992
1 335
335 987
335 992
1 336
336 987
336 992
1 337
337 987
337 992
1 338
338 987
338 992
1 339
339 987
339 992
1 340
340 987
340 992
1 341
341 987
341 992
1 342
342 987
342 992
1 343
343 987
343 992
1 344
344 987
344 992
1 345
345 987
345 992
1 346
346 987
346 992
1 347
347 987
347 992
1 348
348 987
348 992
1 349
349 987
349 992
1 350
350 987
350 992
1 351
351 987
351 992
1 352
352 987
352 992
1 353
353 987
353 992
1 354
354 987
354 992
1 355
355 987
355 992
1 356
356 987
356 992
1 357
357 987
357 992
1 358
358 987
358 992
1 359
359 987
359 992
1 360
360 987
360 992
1 361
361 987
361 992
1 362
362 987
362 992
1 363
363 987
363 992
1 364
364 987
364 992
1 365
365 987
365 992
1 366
366 987
366 992
1 367
367 987
367 992
1 368
368 987
368 992
1 369
369 987
369 992
1 370
370 987
370 992
1 371
371 987
371 992
1 372
372 987
372 992
1 373
373 987
373 992
1 374
374 987
374 992
1 375
375 987
375 992
1 376
376 987
376 992
1 377
377 987
377 992
1 378
378 987
378 992
1 379
379 987
379 992
1 380
380 987
380 992
1 381
381 987
381 992
1 382
382 987
382 992
1 383
383 987
383 992
1 384
384 987
384 992
1 385
385 987
385 992
1 386
386 987
386 992
1 387
387 987
387 992
1 388
388 987
388 992
1 389
389 987
389 992
1 390
390 987
390 992
1 391
391 987
391 992
1 392
392 987
392 992
1 393
393 987
393 992
1 394
394 987
394 992
1 395
395 987
395 992
1 396
396 987
396 992
1 397
397 987
397 992
1 398
398 987
398 992
1 399
399 987
399 992
1 400
400 987
400 992
1 401
401 987
401 992
1 402
402 987
402 992
1 403
403 987
403 992
1 404
404 987
404 992
1 405
405 987
405 992
1 406
406 987
406 992
1 407
407 987
407 992
1 408
408 987
408 992
1 409
409 987
409 992
1 410
410 987
410 992
1 411
411 987
411 992
1 412
412 987
412 992
1 413
413 987
413 992
1 414
414 987
414 992
1 415
415 987
415 992
1 416
416 987
416 992
1 417
417 987
417 992
1 418
418 987
418 992
1 419
419 987
419 992
1 420
420 987
420 992
1 421
421 987
421 992
1 422
422 987
422 992
1 423
423 987
423 992
1 424
424 987
424 992
1 425
425 987
425 992
1 426
426 987
426 992
1 427
427 987
427 992
1 428
428 987
428 992
1 429
429 987
429 992
1 430
430 987
430 992
1 431
431 987
431 992
1 432
432 987
432 992
1 433
433 987
433 992
1 434
434 987
434 992
1 435
435 987
435 992
1 436
436 987
436 992
1 437
437 987
437 992
1 438
438 987
438 992
1 439
439 987
439 992
1 440
440 987
440 992
1 441
441 987
441 992
1 442
442 987
442 992
1 443
443 987
443 992
1 444
444 987
444 992
1 445
445 987
445 992
1 446
446 987
446 992
1 447
447 987
447 992
1 448
448 987
448 992
1 449
449 987
449 992
1 450
450 987
450 992
1 451
451 987
451 992
1 452
452 987
452 992
1 453
453 987
453 992
1 454
454 987
454 992
1 455
455 987
455 992
1 456
456 987
456 992
1 457
457 987
457 992
1 458
458 987
458 992
1 459
459 987
459 992
1 460
460 987
460 992
1 461
461 987
461 992
1 462
462 987
462 992
1 463
463 987
463 992
1 464
464 987
464 992
1 465
465 987
465 992
1 466
466 987
466 992
1 467
467 987
467 992
1 468
468 987
468 992
1 469
469 987
469 992
1 470
470 987
470 992
1 471
471 987
471 992
1 472
472 987
472 992
1 473
473 987
473 992
1 474
474 987
474 992
1 475
475 987
475 992
1 476
476 987
476 992
1 477
477 987
477 992
1 478
478 987
478 992
1 479
479 987
479 992
1 480
480 987
480 992
1 481
481 987
481 992
1 482
482 987
482 992
1 483
483 987
483 992
1 484
484 987
484 992
1 485
485 987
485 992
1 486
486 987
486 992
1 487
487 987
487 992
1 488
488 987
488 992
1 489
489 987
489 992
1 490
490 987
490 992
1 491
491 987
491 992
1 492
492 987
492 992
1 493
493 987
493 992
1 494
494 987
494 992
1 495
495 987
495 992
1 496
496 987
496 992
1 497
497 987
497 992
1 498
498 987
498 992
1 499
499 987
499 992
1 500
500 987
500 992
1 501
501 987
501 992
1 502
502 987
502 992
1 503
503 987
503 992
1 504
504 987
504 992
1 505
505 987
505 992
1 506
506 987
506 992
1 507
507 987
507 992
1 508
508 987
508 992
1 509
509 987
509 992
1 510
510 987
510 992
1 511
511 987
511 992
1 512
512 987
512 992
1 513
513 987
513 992
1 514
514 987
514 992
1 515
515 987
515 992
1 516
516 987
516 992
1 517
517 987
517 992
1 518
518 987
518 992
1 519
519 987
519 992
1 520
520 987
520 992
1 521
521 987
521 992
1 522
522 987
522 992
1 523
523 987
523 992
1 524
524 987
524 992
1 525
525 987
525 992
1 526
526 987
526 992
1 527
527 987
527 992
1 528
528 987
528 992
1 529
529 987
529 992
1 530
530 987
530 992
1 531
531 987
531 992
1 532
532 987
532 992
1 533
533 987
533 992
1 534
534 987
534 992
1 535
535 987
535 992
1 536
536 987
536 992
1 537
537 987
537 992
1 538
538 987
538 992
1 539
539 987
539 992
1 540
540 987
540 992
1 541
541 987
541 992
1 542
542 987
542 992
1 543
543 987
543 992
1 544
544 987
544 992
1 545
545 987
545 992
1 546
546 987
546 992
1 547
547 987
547 992
1 548
548 987
548 992
1 549
549 987
549 992
1 550
550 987
550 992
1 551
551 987
551 992
1 552
552 987
552 992
1 553
553 987
553 992
1 554
554 987
554 992
1 555
555 987
555 992
1 556
556 987
556 992
1 557
557 987
557 992
1 558
558 987
558 992
1 559
559 987
559 992
1 560
560 987
560 992
1 561
561 987
561 992
1 562
562 987
562 992
1 563
563 987
563 992
1 564
564 987
564 992
1 565
565 987
565 992
1 566
566 987
566 992
1 567
567 987
567 992
1 568
568 987
568 992
1 569
569 987
569 992
1 570
570 987
570 992
1 571
571 987
571 992
1 572
572 987
572 992
1 573
573 987
573 992
1 574
574 987
574 992
1 575
575 987
575 992
1 576
576 987
576 992
1 577
577 987
577 992
1 578
578 987
578 992
1 579
579 987
579 992
1 580
580 987
580 992
1 581
581 987
581 992
1 582
582 987
582 992
1 583
583 987
583 992
1 584
584 987
584 992
1 585
585 987
585 992
1 586
586 987
586 992
1 587
587 987
587 992
1 588
588 987
588 992
1 589
589 987
589 992
1 590
590 987
590 992
1 591
591 987
591 992
1 592
592 987
592 992
1 593
593 987
593 992
1 594
594 987
594 992
1 595
595 987
595 992
1 596
596 987
596 992
1 597
597 987
597 992
1 598
598 987
598 992
1 599
599 987
599 992
1 600
600 987
600 992
1 601
601 987
601 992
1 602
602 987
602 992
1 603
603 987
603 992
1 604
604 987
604 992
1 605
605 987
605 992
1 606
606 987
606 992
1 607
607 987
607 992
1 608
608 987
608 992
1 609
609 987
609 992
1 610
610 987
610 992
1 611
611 987
611 992
1 612
612 987
612 992
1 613
613 987
613 992
1 614
614 987
614 992
1 615
615 987
615 992
1 616
616 987
616 992
1 617
617 987
617 992
1 618
618 987
618 992
1 619
619 987
619 992
1 620
620 987
620 992
1 621
621 987
621 992
1 622
622 987
622 992
1 623
623 987
623 992
1 624
624 987
624 992
1 625
625 987
625 992
1 626
626 987
626 992
1 627
627 987
627 992
1 628
628 987
628 992
1 629
629 987
629 992
1 630
630 987
630 992
1 631
631 987
631 992
1 632
632 987
632 992
1 633
633 987
633 992
1 634
634 987
634 992
1 635
635 987
635 992
1 636
636 987
636 992
1 637
637 987
637 992
1 638
638 987
638 992
1 639
639 987
639 992
1 640
640 987
640 992
1 641
641 987
641 992
1 642
642 987
642 992
1 643
643 987
643 992
1 644
644 987
644 992
1 645
645 987
645 992
1 646
646 987
646 992
1 647
647 987
647 992
1 648
648 987
648 992
1 649
649 987
649 992
1 650
650 987
650 992
1 651
651 987
651 992
1 652
652 987
652 992
1 653
653 987
653 992
1 654
654 987
654 992
1 655
655 987
655 992
1 656
656 987
656 992
1 657
657 987
657 992
1 658
658 987
658 992
1 659
659 987
659 992
1 660
660 987
660 992
1 661
661 987
661 992
1 662
662 987
662 992
1 663
663 987
663 992
1 664
664 987
664 992
1 665
665 987
665 992
1 666
666 987
666 992
1 667
667 987
667 992
1 668
668 987
668 992
1 669
669 987
669 992
1 670
670 987
670 992
1 671
671 987
671 992
1 672
672 987
672 992
1 673
673 987
673 992
1 674
674 987
674 992
1 675
675 987
675 992
1 676
676 987
676 992
1 677
677 987
677 992
1 678
678 987
678 992
1 679
679 987
679 992
1 680
680 987
680 992
1 681
681 987
681 992
1 682
682 987
682 992
1 683
683 987
683 992
1 684
684 987
684 992
1 685
685 987
685 992
1 686
686 987
686 992
1 687
687 987
687 992
1 688
688 987
688 992
1 689
689 987
689 992
1 690
690 987
690 992
1 691
691 987
691 992
1 692
692 987
692 992
1 693
693 987
693 992
1 694
694 987
694 992
1 695
695 987
695 992
1 696
696 987
696 992
1 697
697 987
697 992
1 698
698 987
698 992
1 699
699 987
699 992
1 700
700 987
700 992
1 701
701 987
701 992
1 702
702 987
702 992
1 703
703 987
703 992
1 704
704 987
704 992
1 705
705 987
705 992
1 706
706 987
706 992
1 707
707 987
707 992
1 708
708 987
708 992
1 709
709 987
709 992
1 710
710 987
710 992
1 711
711 987
711 992
1 712
712 987
712 992
1 713
713 987
713 992
1 714
714 987
714 992
1 715
715 987
715 992
1 716
716 987
716 992
1 717
717 987
717 992
1 718
718 987
718 992
1 719
719 987
719 992
1 720
720 987
720 992
1 721
721 987
721 992
1 722
722 987
722 992
1 723
723 987
723 992
1 724
724 987
724 992
1 725
725 987
725 992
1 726
726 987
726 992
1 727
727 987
727 992
1 728
728 987
728 992
1 729
729 987
729 992
1 730
730 987
730 992
1 731
731 987
731 992
1 732
732 987
732 992
1 733
733 987
733 992
1 734
734 987
734 992
1 735
735 987
735 992
1 736
736 987
736 992
1 737
737 987
737 992
1 738
738 987
738 992
1 739
739 987
739 992
1 740
740 987
740 992
1 741
741 987
741 992
1 742
742 987
742 992
1 743
743 987
743 992
1 744
744 987
744 992
1 745
745 987
745 992
1 746
746 987
746 992
1 747
747 987
747 992
1 748
748 987
748 992
1 749
749 987
749 992
1 750
750 987
750 992
1 751
751 987
751 992
1 752
752 987
752 992
1 753
753 987
753 992
1 754
754 987
754 992
1 755
755 987
755 992
1 756
756 987
756 992
1 757
757 987
757 992
1 758
758 987
758 992
1 759
759 987
759 992
1 760
760 987
760 992
1 761
761 987
761 992
1 762
762 987
762 992
1 763
763 987
763 992
1 764
764 987
764 992
1 765
765 987
765 992
1 766
766 987
766 992
1 767
767 987
767 992
1 768
768 987
768 992
1 769
769 987
769 992
1 770
770 987
770 992
1 771
771 987
771 992
1 772
772 987
772 992
1 773
773 987
773 992
1 774
774 987
774 992
1 775
775 987
775 992
1 776
776 987
776 992
1 777
777 987
777 992
1 778
778 987
778 992
1 779
779 987
779 992
1 780
780 987
780 992
1 781
781 987
781 992
1 782
782 987
782 992
1 783
783 987
783 992
1 784
784 987
784 992
1 785
785 987
785 992
1 786
786 987
786 992
1 787
787 987
787 992
1 788
788 987
788 992
1 789
789 987
789 992
1 790
790 987
790 992
1 791
791 987
791 992
1 792
792 987
792 992
1 793
793 987
793 992
1 794
794 987
794 992
1 795
795 987
795 992
1 796
796 987
796 992
1 797
797 987
797 992
1 798
798 987
798 992
1 799
799 987
799 992
1 800
800 987
800 992
1 801
801 987
801 992
1 802
802 987
802 992
1 803
803 987
803 992
1 804
804 987
804 992
1 805
805 987
805 992
1 806
806 987
806 992
1 807
807 987
807 992
1 808
808 987
808 992
1 809
809 987
809 992
1 810
810 987
810 992
1 811
811 987
811 992
1 812
812 987
812 992
1 813
813 987
813 992
1 814
814 987
814 992
1 815
815 987
815 992
1 816
816 987
816 992
1 817
817 987
817 992
1 818
818 987
818 992
1 819
819 987
819 992
1 820
820 987
820 992
1 821
821 987
821 992
1 822
822 987
822 992
1 823
823 987
823 992
1 824
824 987
824 992
1 825
825 987
825 992
1 826
826 987
826 992
1 827
827 987
827 992
1 828
828 987
828 992
1 829
829 987
829 992
1 830
830 987
830 992
1 831
831 987
831 992
1 832
832 987
832 992
1 833
833 987
833 992
1 834
834 987
834 992
1 835
835 987
835 992
1 836
836 987
836 992
1 837
837 987
837 992
1 838
838 987
838 992
1 839
839 987
839 992
1 840
840 987
840 992
1 841
841 987
841 992
1 842
842 987
842 992
1 843
843 987
843 992
1 844
844 987
844 992
1 845
845 987
845 992
1 846
846 987
846 992
1 847
847 987
847 992
1 848
848 987
848 992
1 849
849 987
849 992
1 850
850 987
850 992
1 851
851 987
851 992
1 852
852 987
852 992
1 853
853 987
853 992
1 854
854 987
854 992
1 855
855 987
855 992
1 856
856 987
856 992
1 857
857 987
857 992
1 858
858 987
858 992
1 859
859 987
859 992
1 860
860 987
860 992
1 861
861 987
861 992
1 862
862 987
862 992
1 863
863 987
863 992
1 864
864 987
864 992
1 865
865 987
865 992
1 866
866 987
866 992
1 867
867 987
867 992
1 868
868 987
868 992
1 869
869 987
869 992
1 870
870 987
870 992
1 871
871 987
871 992
1 872
872 987
872 992
1 873
873 987
873 992
1 874
874 987
874 992
1 875
875 987
875 992
1 876
876 987
876 992
1 877
877 987
877 992
1 878
878 987
878 992
1 879
879 987
879 992
1 880
880 987
880 992
1 881
881 987
881 992
1 882
882 987
882 992
1 883
883 987
883 992
1 884
884 987
884 992
1 885
885 987
885 992
1 886
886 987
886 992
1 887
887 987
887 992
1 888
888 987
888 992
1 889
889 987
889 992
1 890
890 987
890 992
1 891
891 987
891 992
1 892
892 987
892 992
1 893
893 987
893 992
1 894
894 987
894 992
1 895
895 987
895 992
1 896
896 987
896 992
1 897
897 987
897 992
1 898
898 987
898 992
1 899
899 987
899 992
1 900
900 987
900 992
1 901
901 987
901 992
1 902
902 987
902 992
1 903
903 987
903 992
1 904
904 987
904 992
1 905
905 987
905 992
1 906
906 987
906 992
1 907
907 987
907 992
1 908
908 987
908 992
1 909
909 987
909 992
1 910
910 987
910 992
1 911
911 987
911 992
1 912
912 987
912 992
1 913
913 987
913 992
1 914
914 987
914 992
1 915
915 987
915 992
1 916
916 987
916 992
1 917
917 987
917 992
1 918
918 987
918 992
1 919
919 987
919 992
1 920
920 987
920 992
1 921
921 987
921 992
1 922
922 987
922 992
1 923
923 987
923 992
1 924
924 987
924 992
1 925
925 987
925 992
1 926
926 987
926 992
1 927
927 987
927 992
1 928
928 987
928 992
1 929
929 987
929 992
1 930
930 987
930 992
1 931
931 987
931 992
1 932
932 987
932 992
1 933
933 987
933 992
1 934
934 987
934 992
1 935
935 987
935 992
1 936
936 987
936 992
1 937
937 987
937 992
1 938
938 987
938 992
1 939
939 987
939 992
1 940
940 987
940 992
1 941
941 987
941 992
1 942
942 987
942 992
1 943
943 987
943 992
1 944
944 987
944 992
1 945
945 987
945 992
1 946
946 987
946 992
1 947
947 987
947 992
1 948
948 987
948 992
1 949
949 987
949 992
1 950
950 987
950 992
1 951
951 987
951 992
1 952
952 987
952 992
1 953
953 987
953 992
1 954
954 987
954 992
1 955
955 987
955 992
1 956
956 987
956 992
1 957
957 987
957 992
1 958
958 987
958 992
1 959
959 987
959 992
1 960
960 987
960 992
1 961
961 987
961 992
1 962
962 987
962 992
1 963
963 987
963 992
1 964
964 987
964 992
1 965
965 987
965 992
1 966
966 987
966 992
1 967
967 987
967 992
1 968
968 987
968 992
1 969
969 987
969 992
1 970
970 987
970 992
1 971
971 987
971 992
1 972
972 987
972 992
1 973
973 987
973 992
1 974
974 987
974 992
1 975
975 987
975 992
1 976
976 987
976 992
1 977
977 987
977 992
1 978
978 987
978 992
1 979
979 987
979 992
1 980
980 987
980 992
1 981
981 987
981 992
1 982
982 987
982 992
1 983
983 987
983 992
1 984
984 987
984 992
1 985
985 987
985 992
